# Photo-z error: 0.04 *(1+z)
# Error in mu 0.20
# z_true z_obs mu_obs
0.023 0.068 35.048
0.032 0.077 36.056
0.034 0.057 35.670
0.036 0.116 36.283
0.036 0.043 36.092
0.041 0.100 36.434
0.044 0.132 36.302
0.046 0.050 36.495
0.046 0.042 36.880
0.049 0.136 37.092
0.052 0.065 36.920
0.053 0.078 36.866
0.054 0.039 36.808
0.056 0.150 37.260
0.058 0.060 37.171
0.061 0.088 37.363
0.061 0.065 37.590
0.065 0.121 37.478
0.066 0.033 37.775
0.067 0.028 37.479
0.067 0.031 37.748
0.068 0.026 37.611
0.070 0.047 37.298
0.070 0.069 37.615
0.071 0.066 37.255
0.074 0.067 37.713
0.078 0.115 38.038
0.082 0.015 37.585
0.085 0.152 37.748
0.093 0.089 38.619
0.093 0.050 38.252
0.095 0.054 38.510
0.096 0.023 38.025
0.097 0.103 38.394
0.099 0.102 38.435
0.101 0.090 38.312
0.101 0.118 38.556
0.106 0.183 38.664
0.106 0.163 38.258
0.108 0.112 38.710
0.108 0.054 38.157
0.109 0.085 38.228
0.110 0.165 38.677
0.112 0.066 38.569
0.112 0.123 38.599
0.113 0.090 38.740
0.114 0.101 38.523
0.115 0.081 38.736
0.116 0.163 38.690
0.120 0.116 38.631
0.121 0.145 38.698
0.121 0.082 38.982
0.123 0.111 39.159
0.123 0.237 38.868
0.124 0.171 38.933
0.124 0.090 38.709
0.126 0.151 38.895
0.127 0.068 38.487
0.128 0.134 39.028
0.132 0.083 39.131
0.138 0.099 39.123
0.141 0.139 38.925
0.142 0.158 39.345
0.143 0.159 39.042
0.144 0.127 38.922
0.145 0.111 39.004
0.146 0.145 39.038
0.146 0.047 39.556
0.147 0.207 38.946
0.154 0.114 39.448
0.154 0.199 39.634
0.154 0.189 39.236
0.157 0.149 39.131
0.157 0.180 39.488
0.158 0.122 39.594
0.158 0.187 39.793
0.158 0.200 39.495
0.160 0.125 39.415
0.161 0.275 39.324
0.161 0.130 39.350
0.161 0.173 38.963
0.163 0.148 39.368
0.163 0.169 39.528
0.164 0.118 39.426
0.165 0.114 39.821
0.166 0.223 39.893
0.166 0.262 39.247
0.167 0.164 39.752
0.169 0.195 39.319
0.169 0.189 39.663
0.170 0.216 39.845
0.172 0.202 39.725
0.172 0.233 40.081
0.173 0.136 39.751
0.174 0.284 39.342
0.175 0.279 40.003
0.175 0.226 39.635
0.175 0.159 39.668
0.176 0.210 39.751
0.177 0.147 39.367
0.179 0.228 39.713
0.180 0.171 39.807
0.180 0.192 39.505
0.180 0.136 39.689
0.186 0.281 40.138
0.187 0.139 39.777
0.187 0.229 39.391
0.187 0.092 39.940
0.188 0.236 39.893
0.189 0.097 39.970
0.190 0.167 39.891
0.191 0.179 39.945
0.192 0.183 39.560
0.192 0.167 39.892
0.193 0.177 39.957
0.194 0.190 39.642
0.196 0.204 39.800
0.196 0.175 39.741
0.197 0.134 40.275
0.199 0.235 39.787
0.200 0.182 39.883
0.200 0.100 39.797
0.202 0.283 39.976
0.203 0.193 40.064
0.204 0.189 40.015
0.204 0.277 39.745
0.205 0.178 40.086
0.207 0.308 39.969
0.208 0.236 40.155
0.209 0.261 40.136
0.209 0.198 39.950
0.212 0.205 40.093
0.212 0.142 39.889
0.213 0.290 40.161
0.213 0.188 40.197
0.214 0.292 39.758
0.216 0.247 40.146
0.216 0.242 40.040
0.217 0.172 40.496
0.217 0.151 40.014
0.218 0.243 40.381
0.218 0.128 39.974
0.219 0.159 40.186
0.220 0.207 39.934
0.222 0.202 40.426
0.224 0.169 40.272
0.225 0.292 40.056
0.227 0.206 40.256
0.228 0.188 40.084
0.230 0.249 40.181
0.231 0.229 40.561
0.232 0.306 40.209
0.233 0.202 40.448
0.233 0.227 40.503
0.235 0.221 40.711
0.236 0.195 40.350
0.236 0.227 40.407
0.239 0.293 40.179
0.239 0.225 40.176
0.239 0.215 40.597
0.240 0.236 40.704
0.240 0.273 40.549
0.241 0.325 40.327
0.242 0.331 40.511
0.242 0.275 40.546
0.242 0.196 40.227
0.244 0.211 40.542
0.244 0.250 40.820
0.245 0.201 40.442
0.246 0.237 40.678
0.247 0.346 40.837
0.247 0.183 40.500
0.248 0.256 40.993
0.249 0.191 40.326
0.251 0.234 40.682
0.251 0.271 40.854
0.252 0.352 40.714
0.253 0.243 40.735
0.254 0.242 40.684
0.254 0.280 40.490
0.255 0.150 40.595
0.255 0.290 41.083
0.256 0.193 41.042
0.258 0.209 40.354
0.258 0.252 40.152
0.259 0.302 40.589
0.259 0.273 41.182
0.259 0.242 40.746
0.261 0.241 40.740
0.262 0.193 40.625
0.264 0.261 41.064
0.264 0.240 40.533
0.265 0.253 40.463
0.267 0.296 40.676
0.267 0.324 40.636
0.268 0.342 40.334
0.269 0.324 40.429
0.270 0.241 40.827
0.270 0.186 40.783
0.272 0.336 41.021
0.274 0.267 40.607
0.275 0.260 40.636
0.277 0.171 40.518
0.277 0.280 40.912
0.278 0.375 41.112
0.279 0.189 40.613
0.279 0.257 41.014
0.279 0.314 40.672
0.280 0.198 40.602
0.280 0.338 41.138
0.281 0.330 40.877
0.281 0.267 40.671
0.282 0.296 40.805
0.282 0.271 40.927
0.283 0.347 40.795
0.284 0.248 40.980
0.285 0.255 41.121
0.285 0.252 40.644
0.286 0.257 41.131
0.287 0.225 41.082
0.287 0.319 41.240
0.287 0.276 40.749
0.289 0.334 40.777
0.292 0.268 41.163
0.292 0.328 41.170
0.296 0.280 41.195
0.297 0.337 41.155
0.298 0.333 41.135
0.298 0.254 41.104
0.298 0.324 40.824
0.299 0.271 40.846
0.299 0.345 41.186
0.300 0.279 41.198
0.300 0.398 40.962
0.301 0.365 41.019
0.301 0.322 41.144
0.302 0.310 41.052
0.303 0.299 41.344
0.303 0.237 40.972
0.304 0.266 41.515
0.304 0.367 41.005
0.305 0.301 41.392
0.307 0.430 41.197
0.310 0.223 40.895
0.310 0.289 41.354
0.311 0.338 41.253
0.312 0.231 41.145
0.313 0.371 41.179
0.313 0.336 41.033
0.314 0.358 41.331
0.314 0.353 41.010
0.314 0.330 41.229
0.314 0.312 41.167
0.315 0.347 41.297
0.315 0.321 40.718
0.315 0.324 41.180
0.317 0.325 41.214
0.317 0.324 41.226
0.317 0.243 40.938
0.317 0.383 41.028
0.317 0.408 40.932
0.318 0.309 41.035
0.321 0.367 41.059
0.322 0.350 41.365
0.322 0.346 40.885
0.323 0.369 40.866
0.323 0.355 41.098
0.323 0.424 41.048
0.323 0.340 41.004
0.324 0.286 41.313
0.324 0.296 41.471
0.325 0.359 41.445
0.326 0.314 41.412
0.326 0.248 41.550
0.327 0.287 41.435
0.328 0.354 41.374
0.330 0.220 41.329
0.330 0.320 41.176
0.331 0.289 41.550
0.331 0.324 41.349
0.331 0.315 41.178
0.331 0.285 41.353
0.331 0.371 41.326
0.332 0.307 41.517
0.333 0.384 41.189
0.334 0.319 41.287
0.335 0.367 41.273
0.337 0.381 41.212
0.337 0.308 41.283
0.339 0.313 41.340
0.340 0.411 41.380
0.340 0.364 41.273
0.342 0.361 41.306
0.343 0.315 41.045
0.343 0.349 41.459
0.344 0.253 41.143
0.345 0.349 41.064
0.347 0.324 41.753
0.348 0.395 41.098
0.350 0.295 41.178
0.350 0.286 41.253
0.351 0.272 41.268
0.352 0.400 41.484
0.352 0.342 41.348
0.353 0.356 41.604
0.354 0.366 41.220
0.355 0.342 41.188
0.355 0.272 41.274
0.355 0.353 41.333
0.355 0.472 41.578
0.357 0.337 41.435
0.357 0.398 41.658
0.357 0.304 41.834
0.358 0.338 41.351
0.358 0.372 41.617
0.359 0.395 41.173
0.359 0.305 41.239
0.361 0.402 41.764
0.363 0.315 41.315
0.365 0.354 41.580
0.366 0.506 41.580
0.366 0.313 41.379
0.367 0.371 41.176
0.371 0.360 41.671
0.372 0.319 41.614
0.374 0.335 41.550
0.377 0.294 41.429
0.378 0.453 41.465
0.381 0.353 41.601
0.383 0.327 41.692
0.386 0.381 41.636
0.386 0.467 41.408
0.386 0.358 41.705
0.387 0.368 41.905
0.388 0.343 41.619
0.390 0.360 41.644
0.390 0.346 41.823
0.393 0.376 41.627
0.394 0.354 41.516
0.394 0.478 41.947
0.394 0.349 41.732
0.394 0.468 41.775
0.396 0.341 41.746
0.396 0.337 41.897
0.400 0.396 41.708
0.400 0.378 41.613
0.401 0.478 41.579
0.401 0.398 41.493
0.403 0.415 41.637
0.404 0.452 41.554
0.405 0.480 42.320
0.406 0.423 41.761
0.407 0.329 41.755
0.408 0.340 42.076
0.408 0.461 41.770
0.409 0.408 41.881
0.410 0.415 41.575
0.410 0.404 41.551
0.411 0.473 41.828
0.411 0.437 41.547
0.412 0.422 41.920
0.414 0.372 42.014
0.414 0.312 41.628
0.414 0.444 41.527
0.414 0.367 42.117
0.416 0.337 41.899
0.416 0.380 41.950
0.417 0.423 41.786
0.418 0.362 41.987
0.418 0.428 41.915
0.421 0.424 41.636
0.422 0.523 41.795
0.423 0.428 41.832
0.423 0.331 42.054
0.424 0.453 41.888
0.424 0.399 42.121
0.425 0.324 41.923
0.425 0.534 42.066
0.425 0.404 41.820
0.425 0.399 42.350
0.426 0.517 41.659
0.426 0.503 41.565
0.426 0.409 42.363
0.426 0.385 41.706
0.427 0.459 41.969
0.428 0.400 41.601
0.428 0.263 42.016
0.428 0.357 41.714
0.430 0.558 42.145
0.431 0.517 41.947
0.431 0.392 42.236
0.431 0.355 41.845
0.432 0.511 42.343
0.432 0.454 42.172
0.433 0.451 41.981
0.433 0.404 42.051
0.433 0.331 41.918
0.433 0.480 41.814
0.435 0.436 42.107
0.436 0.460 42.304
0.437 0.414 42.308
0.437 0.451 41.794
0.437 0.473 42.106
0.441 0.426 42.012
0.442 0.479 42.108
0.443 0.346 41.825
0.444 0.402 41.959
0.444 0.485 41.923
0.444 0.535 41.841
0.444 0.425 41.873
0.445 0.491 42.052
0.446 0.514 42.434
0.446 0.511 41.783
0.447 0.548 42.080
0.449 0.483 42.208
0.449 0.515 42.081
0.450 0.462 42.104
0.450 0.468 42.025
0.452 0.430 42.063
0.453 0.499 42.022
0.455 0.505 41.850
0.455 0.477 41.647
0.456 0.478 41.831
0.457 0.443 42.090
0.459 0.534 41.960
0.460 0.478 42.444
0.461 0.458 41.903
0.461 0.366 41.986
0.461 0.411 42.231
0.462 0.447 41.652
0.465 0.591 42.191
0.465 0.435 42.185
0.466 0.436 42.211
0.468 0.499 42.566
0.468 0.459 42.230
0.468 0.456 42.766
0.468 0.524 42.075
0.469 0.528 42.074
0.469 0.458 42.043
0.470 0.492 42.379
0.470 0.548 42.049
0.471 0.462 42.502
0.474 0.461 41.773
0.474 0.430 41.941
0.477 0.467 42.190
0.477 0.488 41.989
0.481 0.494 42.253
0.481 0.522 42.711
0.482 0.501 42.292
0.482 0.514 42.187
0.482 0.448 42.329
0.482 0.474 42.189
0.483 0.519 42.565
0.483 0.440 42.348
0.484 0.445 42.234
0.484 0.430 42.165
0.485 0.487 42.250
0.486 0.535 42.203
0.486 0.474 42.503
0.487 0.463 42.249
0.487 0.542 42.170
0.487 0.508 42.408
0.489 0.538 42.281
0.490 0.469 42.118
0.490 0.478 42.490
0.491 0.517 42.795
0.491 0.590 42.118
0.491 0.445 42.184
0.492 0.377 42.358
0.492 0.454 42.438
0.494 0.594 42.241
0.494 0.463 42.680
0.494 0.450 41.992
0.495 0.544 42.240
0.495 0.385 42.517
0.496 0.523 42.149
0.500 0.569 42.286
0.500 0.445 42.576
0.500 0.500 42.526
0.501 0.511 41.994
0.503 0.612 42.462
0.503 0.566 42.214
0.504 0.519 42.515
0.504 0.371 42.449
0.505 0.373 42.645
0.505 0.502 42.632
0.506 0.497 42.367
0.506 0.583 42.617
0.506 0.560 42.762
0.506 0.557 42.512
0.507 0.447 42.758
0.507 0.570 42.636
0.507 0.554 42.489
0.508 0.563 42.490
0.510 0.458 42.437
0.514 0.416 42.145
0.515 0.522 42.377
0.515 0.436 42.521
0.516 0.540 42.526
0.518 0.592 42.459
0.519 0.468 42.176
0.520 0.601 42.455
0.521 0.419 42.262
0.522 0.674 42.285
0.522 0.459 42.643
0.524 0.643 42.565
0.527 0.544 42.460
0.527 0.614 42.084
0.528 0.473 43.036
0.529 0.537 42.481
0.530 0.525 42.132
0.530 0.587 42.500
0.531 0.422 42.910
0.532 0.478 42.590
0.532 0.587 42.142
0.535 0.509 42.432
0.535 0.566 42.585
0.536 0.622 42.288
0.536 0.635 42.403
0.537 0.570 42.417
0.538 0.522 42.696
0.539 0.670 42.583
0.541 0.472 42.509
0.542 0.433 42.614
0.542 0.574 42.892
0.544 0.504 42.617
0.545 0.525 42.576
0.546 0.635 42.362
0.547 0.607 42.544
0.547 0.478 42.331
0.550 0.509 42.533
0.553 0.626 42.810
0.553 0.563 42.472
0.554 0.613 42.611
0.556 0.578 42.786
0.557 0.639 42.733
0.557 0.584 42.668
0.559 0.543 42.527
0.560 0.483 42.457
0.562 0.606 42.335
0.564 0.542 42.683
0.565 0.620 42.668
0.566 0.577 42.721
0.567 0.604 42.414
0.567 0.589 42.372
0.568 0.477 42.689
0.571 0.589 43.080
0.572 0.639 42.953
0.573 0.592 42.601
0.574 0.397 42.687
0.574 0.566 42.646
0.575 0.517 42.510
0.576 0.471 42.911
0.576 0.653 42.511
0.577 0.592 42.776
0.577 0.629 42.988
0.578 0.560 42.419
0.578 0.571 42.466
0.579 0.676 42.630
0.580 0.542 42.484
0.581 0.640 42.631
0.581 0.602 42.691
0.582 0.577 42.447
0.583 0.589 42.536
0.584 0.711 43.004
0.586 0.591 42.597
0.586 0.598 42.813
0.587 0.587 42.717
0.588 0.509 42.565
0.588 0.662 42.891
0.589 0.620 42.820
0.589 0.592 42.953
0.591 0.672 42.604
0.591 0.604 43.048
0.592 0.616 43.001
0.593 0.446 42.746
0.594 0.683 42.872
0.596 0.642 42.932
0.597 0.612 43.003
0.598 0.587 42.604
0.598 0.623 42.986
0.600 0.625 42.523
0.602 0.565 42.976
0.602 0.635 42.745
0.603 0.549 42.667
0.603 0.588 42.663
0.603 0.627 42.979
0.603 0.543 42.740
0.604 0.615 42.655
0.605 0.546 43.163
0.607 0.532 42.634
0.608 0.568 42.976
0.608 0.678 42.963
0.611 0.631 42.640
0.614 0.714 42.953
0.617 0.633 42.822
0.617 0.615 42.895
0.618 0.615 42.871
0.619 0.496 42.648
0.620 0.702 43.193
0.623 0.563 42.978
0.623 0.663 42.822
0.624 0.685 42.771
0.624 0.527 43.004
0.624 0.589 42.941
0.627 0.697 43.008
0.628 0.566 42.778
0.628 0.677 42.486
0.630 0.603 42.811
0.632 0.449 43.175
0.633 0.617 43.017
0.633 0.734 43.376
0.635 0.699 42.822
0.641 0.716 42.740
0.641 0.709 43.166
0.644 0.558 42.729
0.645 0.642 42.899
0.645 0.646 42.805
0.645 0.687 42.902
0.646 0.687 42.986
0.649 0.645 43.049
0.649 0.671 42.763
0.650 0.720 43.329
0.652 0.672 43.147
0.653 0.676 43.140
0.653 0.660 42.680
0.657 0.696 43.154
0.657 0.674 42.701
0.657 0.677 42.701
0.661 0.662 43.164
0.662 0.597 43.091
0.663 0.655 42.990
0.663 0.716 42.831
0.663 0.621 43.117
0.664 0.723 43.036
0.665 0.623 42.850
0.665 0.736 42.994
0.666 0.725 42.803
0.667 0.726 43.631
0.667 0.560 42.921
0.668 0.601 43.066
0.668 0.614 42.990
0.669 0.768 43.429
0.670 0.686 43.071
0.670 0.761 43.235
0.670 0.657 43.009
0.671 0.719 42.954
0.673 0.579 43.109
0.674 0.732 43.133
0.676 0.694 43.301
0.676 0.689 43.335
0.677 0.545 42.672
0.677 0.712 42.905
0.679 0.624 42.985
0.679 0.791 42.936
0.680 0.673 43.244
0.682 0.670 43.143
0.685 0.696 42.888
0.685 0.596 42.937
0.686 0.773 43.324
0.687 0.681 43.149
0.687 0.755 43.042
0.688 0.694 43.277
0.688 0.681 42.987
0.692 0.740 43.243
0.694 0.642 42.948
0.694 0.715 43.404
0.694 0.798 42.947
0.695 0.748 43.050
0.695 0.659 43.108
0.696 0.711 43.156
0.697 0.775 43.135
0.700 0.598 43.249
0.700 0.665 43.281
0.703 0.692 43.351
0.704 0.551 43.312
0.705 0.641 43.380
0.707 0.734 43.438
0.707 0.741 43.027
0.710 0.687 43.288
0.711 0.720 42.973
0.714 0.731 43.144
0.716 0.690 43.257
0.717 0.826 43.497
0.718 0.762 43.125
0.718 0.857 43.238
0.719 0.657 43.256
0.722 0.692 43.331
0.722 0.723 43.319
0.723 0.829 43.107
0.723 0.776 43.466
0.724 0.697 43.273
0.725 0.804 43.381
0.729 0.767 43.121
0.730 0.786 43.325
0.730 0.849 43.376
0.731 0.651 43.018
0.731 0.801 43.503
0.731 0.723 43.572
0.732 0.782 43.384
0.733 0.752 43.037
0.734 0.739 43.422
0.738 0.774 43.498
0.738 0.754 43.503
0.740 0.865 43.557
0.740 0.768 43.627
0.741 0.807 43.764
0.742 0.836 43.327
0.745 0.788 43.701
0.746 0.767 43.302
0.747 0.669 43.445
0.747 0.731 43.328
0.747 0.748 43.324
0.747 0.802 43.440
0.748 0.838 43.397
0.748 0.839 43.428
0.749 0.736 43.419
0.749 0.711 43.706
0.749 0.712 43.107
0.754 0.823 43.358
0.755 0.772 43.232
0.755 0.807 43.680
0.756 0.683 43.619
0.757 0.729 43.506
0.759 0.702 43.842
0.759 0.801 43.417
0.763 0.764 43.428
0.764 0.785 43.456
0.765 0.753 43.624
0.766 0.809 43.632
0.769 0.723 43.558
0.770 0.826 43.311
0.772 0.729 43.348
0.774 0.673 43.283
0.778 0.692 43.622
0.779 0.637 43.024
0.780 0.770 43.319
0.780 0.840 43.432
0.781 0.762 43.743
0.783 0.722 43.530
0.784 0.758 43.216
0.784 0.726 43.435
0.786 0.800 43.714
0.790 0.794 42.994
0.790 0.714 43.310
0.791 0.802 43.390
0.792 0.846 43.522
0.793 0.780 43.535
0.796 1.000 43.530
0.796 0.810 43.071
0.796 0.695 43.480
0.796 0.660 43.429
0.800 0.781 43.475
0.800 0.757 43.457
0.808 0.890 43.512
0.810 0.733 43.430
0.812 0.780 43.775
0.813 0.741 43.610
0.816 0.720 43.573
0.817 0.694 43.784
0.821 0.939 43.980
0.822 0.712 43.536
0.823 0.804 43.525
0.825 0.974 43.671
0.830 0.868 43.191
0.833 0.815 43.604
0.833 0.862 43.694
0.833 0.909 43.836
0.834 0.879 43.256
0.837 0.805 43.568
0.837 0.816 43.487
0.843 0.634 43.761
0.845 0.953 43.671
0.845 0.965 43.990
0.847 0.893 43.924
0.848 0.898 43.656
0.848 0.856 43.615
0.851 0.783 43.614
0.852 0.862 44.164
0.853 0.910 43.744
0.856 0.885 43.585
0.856 0.822 43.765
0.857 0.882 43.991
0.858 0.835 43.880
0.862 0.813 43.874
0.862 0.824 43.736
0.863 0.849 44.191
0.863 0.851 43.845
0.863 0.689 44.093
0.868 0.915 43.671
0.869 0.923 44.009
0.870 0.892 43.757
0.873 0.835 43.969
0.875 0.913 43.620
0.875 0.892 43.670
0.875 0.815 43.845
0.876 0.864 43.662
0.878 0.886 43.481
0.882 0.946 43.774
0.882 0.874 43.812
0.884 0.967 44.138
0.884 0.797 43.543
0.886 0.769 43.535
0.886 0.757 43.975
0.887 0.956 43.779
0.888 0.837 43.773
0.893 0.820 43.427
0.893 0.889 43.705
0.893 0.809 43.520
0.894 0.894 43.933
0.894 0.753 43.975
0.896 0.740 43.601
0.896 0.848 44.230
0.897 0.874 43.982
0.898 0.784 43.756
0.900 0.949 43.825
0.900 0.965 43.509
0.900 0.905 43.502
0.903 0.862 44.100
0.903 0.972 44.277
0.903 0.880 44.483
0.903 0.954 43.642
0.906 0.892 43.874
0.907 0.878 44.492
0.911 0.863 43.757
0.912 0.617 43.712
0.912 1.044 43.512
0.913 0.901 43.913
0.914 0.903 43.619
0.915 1.000 43.878
0.915 0.928 43.754
0.917 0.919 43.880
0.917 0.993 43.665
0.917 0.990 43.813
0.917 0.991 43.793
0.918 0.948 43.872
0.919 1.000 44.122
0.919 0.990 43.742
0.921 1.022 43.797
0.923 1.039 44.000
0.928 0.948 44.097
0.929 1.033 43.919
0.932 0.946 44.010
0.932 1.024 43.766
0.936 0.922 43.921
0.937 1.031 43.914
0.940 0.934 44.012
0.943 1.027 43.983
0.943 1.041 44.233
0.944 0.961 43.922
0.949 1.072 43.934
0.949 0.866 44.099
0.954 0.935 43.724
0.955 0.897 44.014
0.959 1.099 44.117
0.959 0.909 44.182
0.959 0.998 44.276
0.961 0.937 43.743
0.964 0.961 44.093
0.966 0.955 44.106
0.970 1.049 44.354
0.972 0.925 44.141
0.972 1.087 44.067
0.973 0.890 44.372
0.976 1.042 44.222
0.980 0.880 43.933
0.981 0.996 43.960
0.981 0.951 44.023
0.981 0.935 44.223
0.982 0.985 44.213
0.985 0.882 44.141
0.988 1.075 44.093
0.992 1.076 44.279
0.993 1.008 43.904
0.993 1.025 44.127
0.995 1.113 44.171
0.995 1.007 43.973
0.997 0.969 44.487
0.999 1.123 43.797
1.003 1.129 44.367
1.005 1.001 44.164
1.006 0.993 44.071
1.009 0.950 44.058
1.009 0.832 43.963
1.011 0.898 44.477
1.021 1.085 44.442
1.021 1.029 44.229
1.023 0.954 44.101
1.026 1.098 44.326
1.029 0.992 44.496
1.029 1.170 44.338
1.029 0.938 43.953
1.029 0.929 44.128
1.029 0.988 44.394
1.030 1.095 44.000
1.031 0.948 43.895
1.033 1.018 44.411
1.037 0.961 44.103
1.038 1.087 44.414
1.040 1.025 44.264
1.040 1.094 44.411
1.046 1.106 44.199
1.052 1.027 44.213
1.052 1.000 44.480
1.052 1.002 44.165
1.060 1.093 44.327
1.067 1.071 44.057
1.068 0.964 44.333
1.069 0.989 44.386
1.073 0.987 44.290
1.084 1.089 44.605
1.086 0.931 44.559
1.088 1.039 44.485
1.090 0.918 44.260
1.093 0.966 44.378
1.095 1.132 44.637
1.096 1.239 44.666
1.100 1.112 44.557
1.109 1.236 44.788
1.111 1.134 44.421
1.111 1.210 44.456
1.113 1.149 44.707
1.113 1.086 44.327
1.114 1.062 44.433
1.120 1.144 44.268
1.121 1.137 44.364
1.124 1.080 44.006
1.128 1.209 44.470
1.129 1.194 44.802
1.131 1.272 44.741
1.132 1.233 44.777
1.133 1.066 44.675
1.134 1.076 44.446
1.136 1.190 44.435
1.141 1.288 44.172
1.143 1.080 44.269
1.143 1.026 44.320
1.146 1.183 44.329
1.152 1.197 44.790
1.154 1.113 44.491
1.154 1.028 44.550
1.158 1.190 44.244
1.162 1.151 44.480
1.168 0.963 44.652
1.170 1.138 44.471
1.175 1.212 44.688
1.176 1.123 44.346
1.178 1.152 44.390
1.181 1.160 44.350
1.184 1.229 44.577
1.184 1.074 44.425
1.188 1.178 44.463
1.188 1.239 44.411
1.190 1.194 44.799
1.193 1.009 44.309
1.197 1.080 44.563
1.201 1.159 44.918
1.201 1.161 44.415
1.207 1.088 44.607
1.218 1.257 44.502
1.220 1.206 44.332
1.225 1.116 44.588
1.233 1.220 44.482
1.233 1.169 44.464
1.246 1.180 44.662
1.249 1.525 44.626
1.259 1.341 44.426
1.274 1.417 44.672
1.283 1.306 45.028
1.286 1.368 44.831
1.292 1.344 45.328
1.302 1.287 44.808
1.304 1.178 44.843
1.306 1.349 44.826
1.307 1.368 44.854
1.309 1.323 44.815
1.315 1.163 44.895
1.315 1.499 44.749
1.315 1.336 45.295
1.316 1.301 44.653
1.322 1.449 45.050
1.324 1.250 44.832
1.326 1.379 45.239
1.332 1.337 44.773
1.335 1.295 44.807
1.336 1.201 45.017
1.344 1.286 45.121
1.355 1.394 44.775
1.356 1.507 44.999
1.357 1.374 45.213
1.364 1.448 44.846
1.364 1.269 44.970
1.370 1.227 45.280
1.370 1.385 44.733
1.374 1.494 45.135
1.375 1.649 45.008
1.387 1.381 45.258
1.400 1.374 45.140
