# Average delta z 0.10
# Error in mu 0.20 for Ia and 1.50 for nonaIa
# Type=1 for Ia, 0 otherwise
# cor_z=1 if z_obs correct host, 0 otherwise
# z_correct mu_t z_obs z_shifted mu_o type cor_z
0.015 34.153 0.015 0.015 34.153 34.330 1 1
0.016 34.301 0.016 0.016 34.301 34.101 1 1
0.016 34.310 0.016 0.016 34.310 34.282 1 1
0.018 34.523 0.018 0.018 34.523 34.435 1 1
0.019 34.627 0.019 0.019 34.627 34.853 1 1
0.020 34.742 0.020 0.020 34.742 34.753 1 1
0.020 34.769 0.020 0.020 34.769 35.002 1 1
0.020 34.777 0.020 0.020 34.777 34.798 1 1
0.020 34.785 0.020 0.020 34.785 35.004 1 1
0.022 34.951 0.022 0.022 34.951 34.720 1 1
0.022 34.995 0.022 0.022 34.995 34.944 1 1
0.022 35.002 0.022 0.022 35.002 34.822 1 1
0.023 35.049 0.023 0.023 35.049 34.860 1 1
0.024 35.169 0.024 0.024 35.169 35.088 1 1
0.024 35.206 0.024 0.024 35.206 34.791 1 1
0.028 35.500 0.028 0.028 35.500 35.624 1 1
0.028 35.543 0.028 0.028 35.543 35.550 1 1
0.029 35.607 0.029 0.029 35.607 35.465 1 1
0.034 35.912 0.034 0.034 35.912 35.846 1 1
0.034 35.926 0.034 0.034 35.926 35.816 1 1
0.035 35.984 0.035 0.035 35.984 36.096 1 1
0.036 36.057 0.036 0.036 36.057 35.877 1 1
0.036 36.088 0.036 0.036 36.088 35.946 1 1
0.036 36.089 0.036 0.036 36.089 36.340 1 1
0.038 36.187 0.038 0.038 36.187 35.805 1 1
0.038 36.201 0.038 0.038 36.201 35.810 1 1
0.039 36.229 0.039 0.039 36.229 36.165 1 1
0.042 36.388 0.042 0.042 36.388 36.388 1 1
0.042 36.394 0.042 0.042 36.394 36.530 1 1
0.042 36.437 0.042 0.042 36.437 36.341 1 1
0.043 36.481 0.043 0.043 36.481 36.682 1 1
0.044 36.499 0.044 0.044 36.499 36.474 1 1
0.044 36.500 0.044 0.044 36.500 36.675 1 1
0.045 36.592 0.045 0.045 36.592 36.210 1 1
0.046 36.606 0.046 0.046 36.606 36.809 1 1
0.046 36.631 0.046 0.046 36.631 36.842 1 1
0.047 36.681 0.047 0.047 36.681 36.786 1 1
0.049 36.753 0.049 0.049 36.753 36.770 1 1
0.049 36.780 0.049 0.049 36.780 36.871 1 1
0.050 36.797 0.050 0.050 36.797 36.888 1 1
0.053 36.923 0.053 0.053 36.923 36.880 1 1
0.055 37.009 0.055 0.055 37.009 37.283 1 1
0.055 37.031 0.055 0.055 37.031 37.171 1 1
0.056 37.049 0.056 0.056 37.049 36.519 1 1
0.058 37.126 0.058 0.058 37.126 37.037 1 1
0.058 37.135 0.058 0.058 37.135 36.977 1 1
0.059 37.172 0.059 0.059 37.172 37.245 1 1
0.060 37.217 0.060 0.060 37.217 37.169 1 1
0.061 37.264 0.061 0.061 37.264 37.396 1 1
0.062 37.279 0.062 0.062 37.279 37.040 1 1
0.064 37.349 0.064 0.064 37.349 37.523 1 1
0.066 37.424 0.066 0.066 37.424 37.699 1 1
0.066 37.428 0.066 0.066 37.428 37.652 1 1
0.066 37.446 0.066 0.066 37.446 37.481 1 1
0.067 37.473 0.067 0.067 37.473 37.440 1 1
0.069 37.549 0.069 0.069 37.549 37.452 1 1
0.073 37.668 0.073 0.073 37.668 37.953 1 1
0.073 37.671 0.073 0.073 37.671 37.539 1 1
0.077 37.774 0.077 0.077 37.774 37.856 1 1
0.078 37.800 0.078 0.078 37.800 37.712 1 1
0.079 37.841 0.079 0.079 37.841 37.873 1 1
0.079 37.855 0.079 0.079 37.855 37.977 1 1
0.083 37.943 0.083 0.083 37.943 37.818 1 1
0.084 37.995 0.084 0.084 37.995 37.757 1 1
0.085 37.998 0.085 0.085 37.998 38.011 1 1
0.085 38.015 0.085 0.085 38.015 38.103 1 1
0.086 38.040 0.086 0.086 38.040 37.949 1 1
0.087 38.059 0.087 0.087 38.059 38.237 1 1
0.088 38.079 0.088 0.088 38.079 38.158 1 1
0.088 38.084 0.088 0.088 38.084 37.886 1 1
0.088 38.086 0.088 0.088 38.086 38.132 1 1
0.089 38.123 0.089 0.089 38.123 38.330 1 1
0.090 38.131 0.090 0.090 38.131 38.395 1 1
0.090 38.131 0.090 0.090 38.131 38.006 1 1
0.090 38.145 0.090 0.090 38.145 38.020 1 1
0.091 38.162 0.091 0.091 38.162 37.824 1 1
0.091 38.166 0.091 0.091 38.166 37.973 1 1
0.093 38.214 0.093 0.093 38.214 38.151 1 1
0.094 38.252 0.094 0.094 38.252 38.208 1 1
0.096 38.285 0.096 0.096 38.285 38.408 1 1
0.096 38.302 0.096 0.096 38.302 38.438 1 1
0.097 38.311 0.097 0.097 38.311 38.315 1 1
0.098 38.342 0.098 0.098 38.342 38.431 1 1
0.098 38.343 0.098 0.098 38.343 38.268 1 1
0.099 38.366 0.099 0.099 38.366 38.345 1 1
0.102 38.437 0.102 0.153 38.437 38.243 1 1
0.104 38.474 0.104 0.136 38.474 38.450 1 1
0.104 38.474 0.104 0.168 38.474 38.082 1 1
0.105 38.500 0.105 0.059 38.500 38.688 1 1
0.107 38.549 0.107 0.104 38.549 38.564 1 1
0.107 38.551 0.107 0.135 38.551 38.498 1 1
0.107 38.552 0.107 0.045 38.552 38.773 1 1
0.108 38.566 0.108 0.136 38.566 38.572 1 1
0.109 38.578 0.109 0.050 38.578 38.334 1 1
0.111 38.636 0.111 0.327 38.636 38.560 1 1
0.113 38.670 0.113 0.172 38.670 38.577 1 1
0.114 38.680 0.114 0.115 38.680 38.328 1 1
0.114 38.681 0.114 0.081 38.681 38.938 1 1
0.114 38.681 0.208 0.114 38.681 38.936 1 0
0.116 38.731 0.116 0.178 38.731 38.643 1 1
0.117 38.745 0.117 0.306 38.745 38.883 1 1
0.117 38.757 0.117 0.194 38.757 38.905 1 1
0.117 38.759 0.117 0.093 38.759 38.965 1 1
0.118 38.775 0.028 0.118 38.775 38.702 1 0
0.120 38.811 0.120 0.196 38.811 39.174 1 1
0.121 38.822 0.121 0.236 38.822 39.118 1 1
0.122 38.841 0.122 0.105 38.841 45.783 0 1
0.122 38.846 0.122 0.225 38.846 38.784 1 1
0.123 38.869 0.123 0.213 38.869 38.713 1 1
0.124 38.884 0.124 0.148 38.884 39.019 1 1
0.125 38.898 0.125 0.216 38.898 38.668 1 1
0.126 38.915 0.126 0.122 38.915 38.766 1 1
0.126 38.916 0.126 0.190 38.916 38.805 1 1
0.127 38.943 0.127 0.181 38.943 39.313 1 1
0.131 39.020 0.181 0.131 39.020 39.403 1 0
0.134 39.060 0.134 0.064 39.060 38.808 1 1
0.134 39.075 0.134 0.127 39.075 38.936 1 1
0.135 39.093 0.135 0.116 39.093 39.165 1 1
0.137 39.129 0.137 0.105 39.129 39.494 1 1
0.138 39.129 0.138 0.131 39.129 39.148 1 1
0.138 39.131 0.138 0.098 39.131 38.946 1 1
0.140 39.163 0.140 0.016 39.163 39.151 1 1
0.140 39.172 0.140 0.135 39.172 39.464 1 1
0.142 39.207 0.142 0.217 39.207 39.141 1 1
0.145 39.251 0.145 0.324 39.251 38.936 1 1
0.145 39.254 0.145 0.130 39.254 39.136 1 1
0.145 39.256 0.145 0.172 39.256 39.311 1 1
0.146 39.267 0.146 0.250 39.267 39.321 1 1
0.146 39.268 0.146 0.153 39.268 39.131 1 1
0.149 39.315 0.149 0.206 39.315 39.183 1 1
0.149 39.315 0.149 0.087 39.315 39.027 1 1
0.150 39.330 0.150 0.157 39.330 39.016 1 1
0.150 39.331 0.150 0.083 39.331 39.413 1 1
0.154 39.391 0.154 0.309 39.391 39.181 1 1
0.154 39.395 0.154 0.059 39.395 39.229 1 1
0.157 39.440 0.157 0.044 39.440 39.676 1 1
0.157 39.449 0.157 0.202 39.449 39.544 1 1
0.158 39.459 0.158 0.418 39.459 39.360 1 1
0.160 39.483 0.160 0.133 39.483 39.332 1 1
0.160 39.487 0.160 0.047 39.487 39.674 1 1
0.160 39.489 0.160 0.385 39.489 39.008 1 1
0.161 39.496 0.161 0.186 39.496 39.578 1 1
0.161 39.498 0.161 0.176 39.498 39.581 1 1
0.161 39.503 0.161 0.091 39.503 39.579 1 1
0.162 39.511 0.162 0.150 39.511 39.447 1 1
0.162 39.517 0.162 0.371 39.517 41.912 0 1
0.163 39.529 0.163 0.224 39.529 39.654 1 1
0.163 39.534 0.316 0.163 39.534 39.273 1 0
0.165 39.560 0.165 0.236 39.560 39.610 1 1
0.165 39.566 0.165 0.169 39.566 39.910 1 1
0.167 39.587 0.167 0.051 39.587 41.735 0 1
0.169 39.616 0.169 0.278 39.616 39.721 1 1
0.169 39.617 0.169 0.167 39.617 39.390 1 1
0.170 39.631 0.170 0.179 39.631 39.791 1 1
0.172 39.658 0.172 0.178 39.658 39.564 1 1
0.172 39.664 0.172 0.039 39.664 39.735 1 1
0.173 39.672 0.173 0.329 39.672 39.730 1 1
0.176 39.717 0.176 0.311 39.717 39.771 1 1
0.177 39.731 0.177 0.091 39.731 39.373 1 1
0.178 39.749 0.178 0.163 39.749 41.081 0 1
0.179 39.760 0.198 0.179 39.760 39.989 1 0
0.180 39.771 0.180 0.118 39.771 39.548 1 1
0.181 39.788 0.181 0.371 39.788 39.840 1 1
0.181 39.790 0.181 0.194 39.790 40.092 1 1
0.183 39.808 0.183 0.271 39.808 39.421 0 1
0.183 39.816 0.183 0.160 39.816 39.685 1 1
0.186 39.849 0.186 0.185 39.849 39.822 1 1
0.186 39.852 0.186 0.174 39.852 39.725 1 1
0.188 39.873 0.188 0.089 39.873 40.117 1 1
0.189 39.885 0.189 0.174 39.885 39.998 1 1
0.189 39.894 0.189 0.235 39.894 40.159 1 1
0.192 39.921 0.192 0.227 39.921 39.826 1 1
0.192 39.924 0.192 0.107 39.924 39.839 1 1
0.193 39.933 0.193 0.119 39.933 40.020 1 1
0.194 39.948 0.194 0.120 39.948 40.029 1 1
0.195 39.958 0.195 0.320 39.958 39.596 1 1
0.195 39.960 0.195 0.155 39.960 39.861 1 1
0.196 39.974 0.196 0.347 39.974 40.251 1 1
0.198 39.994 0.298 0.198 39.994 39.922 1 0
0.198 39.999 0.017 0.198 39.999 39.838 1 0
0.199 40.013 0.199 0.232 40.013 40.177 1 1
0.199 40.013 0.199 0.209 40.013 39.654 1 1
0.199 40.018 0.199 0.140 40.018 39.817 1 1
0.200 40.025 0.189 0.200 40.025 40.013 1 0
0.201 40.034 0.201 0.245 40.034 40.103 1 1
0.201 40.040 0.201 0.330 40.040 40.040 1 1
0.204 40.072 0.204 0.043 40.072 40.159 1 1
0.206 40.092 0.206 0.198 40.092 39.951 1 1
0.207 40.102 0.207 0.210 40.102 40.572 0 1
0.207 40.106 0.207 0.307 40.106 40.479 1 1
0.210 40.148 0.210 0.243 40.148 40.179 1 1
0.217 40.220 0.217 0.082 40.220 40.333 1 1
0.217 40.223 0.217 0.372 40.223 40.284 1 1
0.221 40.263 0.221 0.235 40.263 40.243 1 1
0.221 40.269 0.221 0.261 40.269 40.275 1 1
0.225 40.314 0.225 0.253 40.314 40.228 1 1
0.225 40.315 0.225 0.426 40.315 40.226 1 1
0.227 40.337 0.227 0.256 40.337 40.355 1 1
0.228 40.340 0.228 0.255 40.340 40.053 1 1
0.228 40.344 0.228 0.247 40.344 40.385 1 1
0.229 40.356 0.229 0.228 40.356 40.285 1 1
0.229 40.358 0.229 0.019 40.358 40.421 1 1
0.231 40.372 0.306 0.231 40.372 40.079 1 0
0.231 40.378 0.231 0.208 40.378 40.116 1 1
0.232 40.386 0.232 0.307 40.386 40.305 1 1
0.234 40.402 0.234 0.336 40.402 40.425 1 1
0.234 40.402 0.234 0.365 40.402 40.462 1 1
0.235 40.417 0.235 0.125 40.417 40.353 1 1
0.235 40.422 0.235 0.227 40.422 40.662 1 1
0.236 40.429 0.236 0.153 40.429 40.505 1 1
0.237 40.435 0.237 0.156 40.435 40.393 1 1
0.239 40.455 0.239 0.350 40.455 40.225 1 1
0.239 40.459 0.239 0.258 40.459 40.249 1 1
0.239 40.461 0.339 0.239 40.461 40.559 1 0
0.240 40.472 0.240 0.190 40.472 40.601 1 1
0.242 40.489 0.355 0.242 40.489 40.490 1 0
0.245 40.519 0.245 0.324 40.519 40.367 1 1
0.246 40.526 0.238 0.246 40.526 42.579 0 0
0.246 40.528 0.246 0.405 40.528 40.323 1 1
0.246 40.528 0.246 0.055 40.528 40.503 1 1
0.247 40.538 0.344 0.247 40.538 40.680 1 0
0.247 40.544 0.247 0.440 40.544 40.409 1 1
0.249 40.555 0.249 0.200 40.555 40.253 1 1
0.250 40.568 0.250 0.202 40.568 40.312 1 1
0.250 40.572 0.250 0.155 40.572 40.167 1 1
0.252 40.592 0.252 0.150 40.592 40.679 1 1
0.253 40.595 0.253 0.254 40.595 40.551 1 1
0.254 40.606 0.254 0.212 40.606 41.054 1 1
0.255 40.617 0.255 0.510 40.617 40.364 1 1
0.256 40.625 0.249 0.256 40.625 40.921 1 0
0.256 40.629 0.256 0.275 40.629 40.683 1 1
0.256 40.630 0.256 0.188 40.630 40.748 1 1
0.258 40.647 0.258 0.448 40.647 40.393 1 1
0.263 40.691 0.263 0.206 40.691 40.633 1 1
0.263 40.693 0.263 0.224 40.693 40.485 1 1
0.264 40.701 0.264 0.347 40.701 40.900 1 1
0.266 40.723 0.266 0.105 40.723 40.712 1 1
0.266 40.726 0.266 0.250 40.726 41.475 0 1
0.268 40.739 0.268 0.197 40.739 40.547 1 1
0.268 40.742 0.268 0.345 40.742 40.441 1 1
0.268 40.744 0.268 0.209 40.744 40.558 1 1
0.270 40.763 0.270 0.315 40.763 40.941 1 1
0.274 40.794 0.274 0.259 40.794 40.886 1 1
0.274 40.797 0.274 0.239 40.797 40.753 1 1
0.275 40.802 0.275 0.340 40.802 41.166 1 1
0.277 40.821 0.272 0.277 40.821 40.679 1 0
0.277 40.827 0.277 0.173 40.827 40.771 1 1
0.281 40.860 0.433 0.281 40.860 41.012 1 0
0.282 40.871 0.498 0.282 40.871 40.440 1 0
0.282 40.872 0.282 0.396 40.872 40.701 1 1
0.283 40.875 0.283 0.332 40.875 40.864 1 1
0.285 40.892 0.285 0.347 40.892 40.971 1 1
0.286 40.903 0.230 0.286 40.903 41.376 1 0
0.289 40.928 0.289 0.184 40.928 40.850 1 1
0.290 40.934 0.290 0.473 40.934 40.731 1 1
0.291 40.947 0.291 0.164 40.947 40.768 1 1
0.291 40.949 0.291 0.215 40.949 40.895 1 1
0.291 40.949 0.291 0.142 40.949 40.905 1 1
0.291 40.950 0.291 0.317 40.950 41.112 1 1
0.292 40.950 0.292 0.080 40.950 40.985 1 1
0.292 40.952 0.292 0.280 40.952 40.771 1 1
0.292 40.958 0.182 0.292 40.958 40.995 1 0
0.295 40.976 0.295 0.200 40.976 41.108 1 1
0.295 40.980 0.295 0.382 40.980 41.105 1 1
0.295 40.983 0.295 0.240 40.983 41.001 1 1
0.296 40.986 0.176 0.296 40.986 40.763 1 0
0.296 40.990 0.296 0.344 40.990 40.875 1 1
0.297 40.999 0.297 0.544 40.999 41.197 1 1
0.298 41.002 0.298 0.223 41.002 41.268 1 1
0.298 41.003 0.298 0.360 41.003 43.521 0 1
0.298 41.005 0.298 0.300 41.005 40.792 1 1
0.299 41.014 0.299 0.186 41.014 40.839 1 1
0.300 41.022 0.300 0.246 41.022 41.081 1 1
0.300 41.025 0.300 0.166 41.025 40.987 1 1
0.301 41.028 0.301 0.216 41.028 41.222 1 1
0.301 41.033 0.301 0.456 41.033 41.410 1 1
0.302 41.037 0.302 0.410 41.037 41.302 1 1
0.303 41.048 0.303 0.314 41.048 41.188 1 1
0.304 41.052 0.304 0.247 41.052 40.989 1 1
0.304 41.052 0.304 0.278 41.052 40.815 1 1
0.305 41.066 0.305 0.281 41.066 41.250 1 1
0.308 41.090 0.308 0.273 41.090 41.210 1 1
0.309 41.097 0.309 0.408 41.097 40.842 1 1
0.310 41.103 0.366 0.310 41.103 41.448 1 0
0.310 41.103 0.310 0.188 41.103 41.197 1 1
0.310 41.105 0.310 0.384 41.105 41.069 1 1
0.310 41.107 0.310 0.315 41.107 41.115 1 1
0.311 41.108 0.311 0.272 41.108 40.863 1 1
0.311 41.112 0.311 0.209 41.112 40.812 1 1
0.312 41.122 0.312 0.105 41.122 40.917 1 1
0.314 41.139 0.314 0.271 41.139 41.070 1 1
0.315 41.148 0.315 0.203 41.148 41.198 1 1
0.316 41.156 0.316 0.368 41.156 41.414 1 1
0.317 41.162 0.317 0.514 41.162 41.432 1 1
0.317 41.162 0.317 0.200 41.162 41.123 1 1
0.324 41.218 0.324 0.314 41.218 40.846 1 1
0.327 41.236 0.327 0.287 41.236 41.184 1 1
0.328 41.248 0.304 0.328 41.248 41.711 1 0
0.330 41.258 0.330 0.358 41.258 41.140 1 1
0.330 41.261 0.330 0.498 41.261 41.334 1 1
0.330 41.265 0.330 0.477 41.265 41.367 1 1
0.332 41.280 0.242 0.332 41.280 41.223 1 0
0.333 41.287 0.241 0.333 41.287 41.416 1 0
0.335 41.301 0.335 0.395 41.301 41.254 1 1
0.335 41.301 0.335 0.287 41.301 41.178 1 1
0.336 41.307 0.336 0.492 41.307 41.472 1 1
0.337 41.312 0.337 0.492 41.312 41.304 1 1
0.338 41.318 0.338 0.199 41.318 41.255 1 1
0.338 41.324 0.338 0.405 41.324 42.722 0 1
0.339 41.328 0.339 0.184 41.328 41.515 1 1
0.339 41.331 0.339 0.421 41.331 41.170 1 1
0.339 41.333 0.339 0.383 41.333 41.162 1 1
0.340 41.336 0.340 0.364 41.336 41.286 1 1
0.340 41.338 0.340 0.181 41.338 41.132 1 1
0.341 41.347 0.341 0.261 41.347 41.230 1 1
0.342 41.354 0.342 0.482 41.354 41.354 1 1
0.343 41.362 0.343 0.556 41.362 41.705 1 1
0.344 41.364 0.344 0.374 41.364 41.289 1 1
0.344 41.365 0.554 0.344 41.365 41.376 1 0
0.345 41.372 0.345 0.387 41.372 41.498 1 1
0.347 41.387 0.347 0.286 41.387 41.154 1 1
0.349 41.400 0.349 0.280 41.400 41.377 1 1
0.351 41.420 0.351 0.407 41.420 41.520 1 1
0.352 41.422 0.352 0.407 41.422 41.719 1 1
0.353 41.430 0.353 0.160 41.430 41.404 1 1
0.353 41.434 0.353 0.316 41.434 41.295 1 1
0.356 41.451 0.356 0.479 41.451 42.417 0 1
0.358 41.467 0.435 0.358 41.467 41.424 1 0
0.358 41.470 0.462 0.358 41.470 42.922 0 0
0.359 41.472 0.359 0.375 41.472 41.648 1 1
0.361 41.487 0.375 0.361 41.487 41.806 1 0
0.362 41.495 0.362 0.465 41.495 41.378 1 1
0.363 41.502 0.363 0.432 41.502 41.068 1 1
0.365 41.518 0.365 0.407 41.518 41.668 1 1
0.366 41.521 0.366 0.268 41.521 45.516 0 1
0.366 41.523 0.366 0.360 41.523 41.395 1 1
0.367 41.530 0.367 0.363 41.530 41.583 1 1
0.367 41.533 0.367 0.418 41.533 41.556 1 1
0.371 41.558 0.371 0.287 41.558 41.603 1 1
0.371 41.559 0.371 0.436 41.559 43.138 0 1
0.372 41.562 0.372 0.365 41.562 41.582 1 1
0.372 41.564 0.372 0.450 41.564 41.532 1 1
0.374 41.577 0.374 0.209 41.577 41.170 1 1
0.374 41.577 0.374 0.470 41.577 41.654 1 1
0.374 41.579 0.374 0.385 41.579 41.987 1 1
0.377 41.596 0.377 0.431 41.596 41.410 1 1
0.377 41.596 0.377 0.471 41.596 41.457 1 1
0.377 41.598 0.377 0.489 41.598 41.877 1 1
0.378 41.603 0.378 0.333 41.603 41.505 1 1
0.379 41.612 0.379 0.123 41.612 41.800 1 1
0.379 41.614 0.379 0.592 41.614 41.675 1 1
0.380 41.620 0.380 0.388 41.620 41.609 1 1
0.380 41.621 0.380 0.396 41.621 41.476 1 1
0.383 41.636 0.383 0.259 41.636 41.867 1 1
0.383 41.636 0.383 0.332 41.636 41.955 1 1
0.383 41.636 0.383 0.276 41.636 41.447 1 1
0.383 41.642 0.383 0.334 41.642 41.823 1 1
0.384 41.645 0.384 0.299 41.645 42.051 1 1
0.384 41.647 0.384 0.536 41.647 41.674 1 1
0.385 41.649 0.385 0.089 41.649 41.560 1 1
0.389 41.678 0.244 0.389 41.678 41.931 1 0
0.391 41.689 0.391 0.267 41.689 41.504 1 1
0.391 41.694 0.391 0.258 41.694 41.634 1 1
0.392 41.696 0.442 0.392 41.696 41.890 1 0
0.392 41.701 0.392 0.356 41.701 41.959 1 1
0.393 41.704 0.393 0.486 41.704 41.422 1 1
0.393 41.705 0.513 0.393 41.705 41.329 1 0
0.393 41.707 0.393 0.320 41.707 42.035 1 1
0.393 41.708 0.407 0.393 41.708 41.608 1 0
0.395 41.718 0.395 0.388 41.718 41.758 1 1
0.395 41.719 0.395 0.298 41.719 41.962 1 1
0.397 41.730 0.397 0.450 41.730 41.827 1 1
0.399 41.745 0.399 0.390 41.745 41.836 1 1
0.400 41.750 0.331 0.400 41.750 42.083 1 0
0.402 41.765 0.402 0.160 41.765 41.925 1 1
0.403 41.770 0.341 0.403 41.770 41.624 1 0
0.405 41.779 0.405 0.488 41.779 41.605 1 1
0.405 41.783 0.325 0.405 41.783 41.947 1 0
0.405 41.784 0.405 0.318 41.784 41.510 1 1
0.406 41.788 0.406 0.227 41.788 41.782 1 1
0.407 41.795 0.407 0.364 41.795 42.296 1 1
0.408 41.802 0.408 0.513 41.802 41.576 1 1
0.410 41.811 0.410 0.301 41.811 41.805 1 1
0.411 41.818 0.411 0.447 41.818 41.977 1 1
0.411 41.821 0.411 0.444 41.821 41.716 1 1
0.412 41.828 0.412 0.417 41.828 41.464 1 1
0.414 41.836 0.414 0.318 41.836 41.818 1 1
0.414 41.837 0.414 0.203 41.837 42.073 1 1
0.415 41.845 0.572 0.415 41.845 41.682 1 0
0.417 41.858 0.417 0.660 41.858 42.306 1 1
0.419 41.866 0.419 0.327 41.866 42.249 1 1
0.419 41.871 0.419 0.506 41.871 42.161 1 1
0.419 41.871 0.419 0.290 41.871 41.834 1 1
0.420 41.874 0.420 0.465 41.874 41.839 1 1
0.420 41.877 0.363 0.420 41.877 41.754 1 0
0.421 41.879 0.421 0.292 41.879 41.698 1 1
0.421 41.883 0.440 0.421 41.883 41.698 1 0
0.422 41.890 0.422 0.348 41.890 41.812 1 1
0.425 41.905 0.425 0.386 41.905 41.990 1 1
0.425 41.908 0.425 0.312 41.908 43.677 0 1
0.427 41.917 0.427 0.475 41.917 41.591 1 1
0.428 41.921 0.428 0.428 41.921 41.948 1 1
0.428 41.923 0.428 0.365 41.923 41.836 1 1
0.428 41.924 0.428 0.287 41.924 41.874 1 1
0.431 41.939 0.431 0.405 41.939 42.024 1 1
0.432 41.946 0.432 0.442 41.946 42.021 1 1
0.432 41.949 0.432 0.484 41.949 42.204 1 1
0.433 41.955 0.254 0.433 41.955 42.014 1 0
0.434 41.958 0.434 0.509 41.958 42.002 1 1
0.435 41.962 0.565 0.435 41.962 42.016 1 0
0.436 41.969 0.436 0.270 41.969 41.653 1 1
0.437 41.977 0.437 0.413 41.977 41.706 1 1
0.437 41.978 0.437 0.527 41.978 42.396 1 1
0.438 41.982 0.438 0.377 41.982 42.127 1 1
0.439 41.986 0.439 0.384 41.986 41.879 1 1
0.439 41.988 0.439 0.479 41.988 42.234 1 1
0.440 41.993 0.440 0.477 41.993 44.135 0 1
0.440 41.994 0.440 0.464 41.994 41.820 1 1
0.440 41.997 0.440 0.510 41.997 41.988 1 1
0.442 42.004 0.442 0.479 42.004 42.077 1 1
0.442 42.007 0.442 0.417 42.007 41.992 1 1
0.443 42.009 0.443 0.444 42.009 41.944 1 1
0.444 42.018 0.444 0.297 42.018 41.924 1 1
0.444 42.019 0.444 0.470 42.019 43.722 0 1
0.444 42.020 0.444 0.645 42.020 41.994 1 1
0.445 42.022 0.445 0.365 42.022 42.066 1 1
0.445 42.024 0.445 0.572 42.024 42.180 1 1
0.448 42.043 0.448 0.455 42.043 41.932 1 1
0.449 42.048 0.449 0.464 42.048 42.418 0 1
0.450 42.050 0.450 0.365 42.050 41.942 1 1
0.450 42.050 0.450 0.507 42.050 41.740 1 1
0.450 42.051 0.450 0.259 42.051 41.915 1 1
0.450 42.051 0.450 0.721 42.051 42.120 1 1
0.450 42.055 0.450 0.460 42.055 42.007 1 1
0.451 42.055 0.451 0.455 42.055 41.882 1 1
0.451 42.057 0.451 0.540 42.057 41.973 1 1
0.451 42.059 0.451 0.532 42.059 41.835 1 1
0.451 42.060 0.451 0.346 42.060 41.874 1 1
0.452 42.064 0.452 0.411 42.064 41.947 1 1
0.453 42.071 0.453 0.562 42.071 41.864 1 1
0.456 42.085 0.456 0.426 42.085 42.084 1 1
0.457 42.090 0.457 0.339 42.090 41.913 1 1
0.457 42.090 0.457 0.373 42.090 42.087 1 1
0.457 42.093 0.457 0.270 42.093 42.179 1 1
0.457 42.094 0.457 0.389 42.094 41.731 1 1
0.458 42.095 0.458 0.383 42.095 42.293 1 1
0.458 42.096 0.458 0.424 42.096 42.312 1 1
0.458 42.098 0.458 0.505 42.098 42.091 1 1
0.464 42.129 0.464 0.564 42.129 41.967 1 1
0.467 42.147 0.467 0.494 42.147 42.352 1 1
0.467 42.147 0.537 0.467 42.147 46.434 0 0
0.467 42.147 0.467 0.374 42.147 42.237 1 1
0.468 42.152 0.468 0.405 42.152 41.900 1 1
0.469 42.157 0.469 0.341 42.157 42.147 1 1
0.470 42.163 0.470 0.533 42.163 41.955 1 1
0.470 42.165 0.470 0.460 42.165 42.090 1 1
0.472 42.177 0.472 0.274 42.177 41.934 1 1
0.473 42.182 0.473 0.649 42.182 42.334 1 1
0.473 42.182 0.473 0.630 42.182 41.840 1 1
0.474 42.185 0.474 0.476 42.185 42.576 1 1
0.475 42.193 0.475 0.440 42.193 41.996 1 1
0.476 42.197 0.476 0.476 42.197 42.615 1 1
0.479 42.212 0.479 0.302 42.212 41.943 1 1
0.479 42.212 0.479 0.431 42.212 42.295 1 1
0.479 42.213 0.479 0.453 42.213 42.276 1 1
0.479 42.213 0.479 0.514 42.213 42.218 1 1
0.481 42.226 0.481 0.483 42.226 42.199 1 1
0.482 42.231 0.482 0.449 42.231 42.260 1 1
0.482 42.232 0.482 0.483 42.232 42.337 1 1
0.484 42.242 0.484 0.521 42.242 41.981 1 1
0.485 42.246 0.485 0.502 42.246 41.937 1 1
0.488 42.261 0.488 0.728 42.261 42.406 1 1
0.489 42.265 0.489 0.501 42.265 42.311 1 1
0.489 42.269 0.489 0.431 42.269 42.289 1 1
0.490 42.273 0.490 0.603 42.273 42.251 1 1
0.491 42.277 0.491 0.366 42.277 42.219 1 1
0.491 42.279 0.491 0.561 42.279 42.606 1 1
0.492 42.281 0.492 0.652 42.281 42.490 1 1
0.495 42.300 0.495 0.377 42.300 42.426 1 1
0.497 42.307 0.497 0.626 42.307 42.397 1 1
0.499 42.318 0.499 0.464 42.318 42.183 1 1
0.499 42.319 0.499 0.677 42.319 42.270 1 1
0.499 42.320 0.499 0.316 42.320 42.408 1 1
0.499 42.321 0.303 0.499 42.321 42.619 1 0
0.502 42.334 0.502 0.388 42.334 42.616 1 1
0.502 42.335 0.502 0.442 42.335 42.163 1 1
0.502 42.335 0.502 0.381 42.335 42.345 1 1
0.505 42.348 0.505 0.530 42.348 42.462 1 1
0.506 42.355 0.406 0.506 42.355 42.123 1 0
0.509 42.372 0.509 0.511 42.372 42.415 1 1
0.509 42.372 0.509 0.445 42.372 45.076 0 1
0.510 42.374 0.510 0.486 42.374 42.548 1 1
0.510 42.375 0.510 0.504 42.375 42.370 1 1
0.511 42.381 0.511 0.638 42.381 42.240 1 1
0.512 42.385 0.512 0.471 42.385 42.118 1 1
0.514 42.395 0.514 0.412 42.395 42.500 1 1
0.516 42.409 0.516 0.609 42.409 44.430 0 1
0.517 42.410 0.517 0.482 42.410 42.221 1 1
0.518 42.417 0.518 0.586 42.417 42.389 1 1
0.519 42.422 0.519 0.585 42.422 42.547 1 1
0.520 42.425 0.587 0.520 42.425 45.366 0 0
0.521 42.430 0.607 0.521 42.430 42.415 1 0
0.521 42.430 0.521 0.608 42.430 42.282 1 1
0.521 42.434 0.521 0.349 42.434 42.235 1 1
0.522 42.438 0.522 0.374 42.438 42.528 1 1
0.523 42.442 0.523 0.453 42.442 42.667 1 1
0.523 42.444 0.523 0.531 42.444 42.318 1 1
0.523 42.444 0.523 0.639 42.444 42.470 1 1
0.524 42.446 0.524 0.507 42.446 42.501 1 1
0.524 42.448 0.524 0.592 42.448 42.293 1 1
0.524 42.449 0.524 0.494 42.449 42.107 1 1
0.524 42.449 0.524 0.418 42.449 42.183 1 1
0.526 42.455 0.526 0.642 42.455 42.502 1 1
0.526 42.457 0.526 0.569 42.457 42.463 1 1
0.526 42.458 0.526 0.781 42.458 42.531 1 1
0.526 42.458 0.526 0.584 42.458 42.403 1 1
0.528 42.465 0.528 0.635 42.465 42.583 1 1
0.529 42.471 0.529 0.513 42.471 43.319 0 1
0.529 42.472 0.398 0.529 42.472 42.423 1 0
0.530 42.477 0.563 0.530 42.477 42.623 1 0
0.532 42.485 0.532 0.569 42.485 46.343 0 1
0.532 42.487 0.532 0.561 42.487 42.605 1 1
0.534 42.494 0.534 0.419 42.494 42.603 1 1
0.534 42.498 0.534 0.668 42.498 42.524 1 1
0.536 42.504 0.536 0.628 42.504 42.189 1 1
0.537 42.509 0.537 0.377 42.509 42.402 1 1
0.539 42.520 0.539 0.580 42.520 42.305 1 1
0.539 42.521 0.539 0.573 42.521 42.691 1 1
0.545 42.547 0.545 0.674 42.547 42.683 1 1
0.546 42.553 0.546 0.428 42.553 42.487 1 1
0.546 42.553 0.546 0.531 42.553 42.764 1 1
0.546 42.554 0.546 0.439 42.554 42.393 1 1
0.547 42.557 0.547 0.736 42.557 42.364 1 1
0.547 42.559 0.547 0.545 42.559 42.731 1 1
0.547 42.559 0.547 0.431 42.559 42.364 1 1
0.548 42.562 0.548 0.443 42.562 42.340 1 1
0.548 42.565 0.548 0.693 42.565 42.696 1 1
0.549 42.567 0.549 0.572 42.567 42.277 1 1
0.549 42.569 0.549 0.659 42.569 42.548 1 1
0.550 42.573 0.550 0.466 42.573 42.462 1 1
0.552 42.583 0.552 0.518 42.583 44.545 0 1
0.552 42.585 0.552 0.581 42.585 42.760 1 1
0.553 42.586 0.553 0.690 42.586 42.281 1 1
0.553 42.587 0.553 0.466 42.587 42.569 1 1
0.554 42.591 0.554 0.494 42.591 42.548 1 1
0.555 42.596 0.555 0.538 42.596 42.778 1 1
0.556 42.602 0.556 0.624 42.602 42.552 1 1
0.556 42.604 0.556 0.482 42.604 42.763 1 1
0.557 42.607 0.557 0.402 42.607 42.938 1 1
0.558 42.610 0.558 0.533 42.610 42.803 1 1
0.558 42.613 0.558 0.432 42.613 42.496 1 1
0.558 42.613 0.461 0.558 42.613 42.910 1 0
0.559 42.616 0.559 0.453 42.616 42.471 1 1
0.559 42.618 0.559 0.553 42.618 42.476 1 1
0.560 42.619 0.560 0.723 42.619 42.791 1 1
0.561 42.627 0.561 0.271 42.627 42.573 1 1
0.562 42.631 0.562 0.504 42.631 42.530 1 1
0.564 42.637 0.564 0.607 42.637 42.681 1 1
0.566 42.646 0.566 0.580 42.646 42.946 1 1
0.566 42.650 0.394 0.566 42.650 42.610 1 0
0.567 42.654 0.567 0.517 42.654 45.486 0 1
0.567 42.655 0.567 0.687 42.655 42.233 1 1
0.568 42.656 0.568 0.456 42.656 42.912 1 1
0.568 42.659 0.568 0.486 42.659 42.487 1 1
0.569 42.662 0.569 0.434 42.662 43.739 0 1
0.572 42.675 0.572 0.494 42.675 42.576 1 1
0.572 42.677 0.572 0.768 42.677 42.843 1 1
0.573 42.682 0.573 0.553 42.682 42.731 1 1
0.573 42.683 0.573 0.541 42.683 42.541 1 1
0.576 42.692 0.576 0.564 42.692 42.766 1 1
0.576 42.694 0.576 0.611 42.694 42.787 1 1
0.577 42.698 0.577 0.668 42.698 42.558 1 1
0.578 42.704 0.578 0.648 42.704 42.685 1 1
0.580 42.713 0.580 0.632 42.713 42.949 1 1
0.583 42.726 0.583 0.558 42.726 42.660 1 1
0.585 42.737 0.585 0.722 42.737 42.870 1 1
0.585 42.737 0.585 0.799 42.737 44.496 0 1
0.587 42.742 0.587 0.547 42.742 42.976 1 1
0.588 42.747 0.588 0.487 42.747 44.645 0 1
0.589 42.754 0.589 0.606 42.754 42.759 1 1
0.589 42.754 0.589 0.631 42.754 42.621 1 1
0.590 42.758 0.590 0.564 42.758 42.797 1 1
0.591 42.761 0.591 0.708 42.761 42.827 1 1
0.591 42.763 0.591 0.575 42.763 45.505 0 1
0.594 42.776 0.594 0.646 42.776 42.733 1 1
0.594 42.776 0.594 0.429 42.776 42.960 1 1
0.595 42.779 0.595 0.523 42.779 42.368 1 1
0.596 42.785 0.596 0.543 42.785 42.953 1 1
0.597 42.786 0.597 0.775 42.786 43.148 1 1
0.597 42.789 0.597 0.543 42.789 42.930 1 1
0.599 42.798 0.599 0.586 42.798 42.918 1 1
0.600 42.803 0.600 0.544 42.803 42.435 1 1
0.601 42.804 0.601 0.654 42.804 42.941 1 1
0.601 42.807 0.601 0.689 42.807 42.952 1 1
0.603 42.816 0.603 0.596 42.816 43.144 1 1
0.604 42.818 0.604 0.667 42.818 43.049 1 1
0.604 42.820 0.604 0.652 42.820 42.797 1 1
0.607 42.832 0.607 0.710 42.832 42.897 1 1
0.607 42.832 0.607 0.653 42.832 42.819 1 1
0.609 42.841 0.609 0.529 42.841 42.701 1 1
0.609 42.841 0.609 0.549 42.841 42.833 1 1
0.610 42.845 0.695 0.610 42.845 42.856 1 0
0.612 42.852 0.612 0.622 42.852 42.851 1 1
0.613 42.860 0.613 0.715 42.860 43.077 1 1
0.614 42.860 0.614 0.720 42.860 42.558 1 1
0.615 42.867 0.615 0.682 42.867 42.943 1 1
0.616 42.870 0.616 0.428 42.870 42.909 1 1
0.616 42.871 0.678 0.616 42.871 42.972 1 0
0.616 42.873 0.616 0.382 42.873 42.741 1 1
0.617 42.873 0.617 0.592 42.873 42.916 1 1
0.618 42.879 0.618 0.592 42.879 43.019 1 1
0.619 42.884 0.619 0.601 42.884 42.926 1 1
0.619 42.885 0.619 0.675 42.885 42.741 1 1
0.619 42.886 0.690 0.619 42.886 44.688 0 0
0.621 42.892 0.621 0.536 42.892 42.904 1 1
0.621 42.892 0.621 0.697 42.892 42.936 1 1
0.622 42.895 0.622 0.640 42.895 42.532 1 1
0.623 42.900 0.623 0.456 42.900 43.215 1 1
0.623 42.901 0.623 0.504 42.901 42.982 1 1
0.623 42.901 0.623 0.499 42.901 43.111 1 1
0.630 42.929 0.630 0.646 42.929 43.124 1 1
0.631 42.934 0.631 0.645 42.934 42.833 1 1
0.632 42.936 0.632 0.611 42.936 42.843 1 1
0.632 42.939 0.632 0.570 42.939 43.010 1 1
0.633 42.943 0.633 0.632 42.943 42.989 1 1
0.635 42.952 0.635 0.561 42.952 43.222 1 1
0.637 42.958 0.637 0.632 42.958 43.286 1 1
0.637 42.961 0.637 0.699 42.961 43.138 1 1
0.638 42.962 0.638 0.516 42.962 43.258 1 1
0.638 42.963 0.638 0.724 42.963 43.243 1 1
0.638 42.964 0.638 0.637 42.964 44.915 0 1
0.639 42.969 0.639 0.562 42.969 44.966 0 1
0.640 42.971 0.640 0.590 42.971 42.731 1 1
0.641 42.974 0.641 0.903 42.974 43.069 1 1
0.643 42.984 0.635 0.643 42.984 42.727 1 0
0.643 42.984 0.643 0.619 42.984 42.917 1 1
0.645 42.990 0.645 0.647 42.990 42.729 1 1
0.646 42.997 0.646 0.512 42.997 43.110 1 1
0.647 42.999 0.647 0.527 42.999 42.809 1 1
0.648 43.003 0.648 0.715 43.003 43.251 1 1
0.648 43.006 0.648 0.560 43.006 42.758 1 1
0.649 43.008 0.649 0.767 43.008 43.113 1 1
0.650 43.011 0.650 0.467 43.011 43.320 1 1
0.650 43.012 0.650 0.653 43.012 43.261 1 1
0.650 43.012 0.650 0.732 43.012 43.295 1 1
0.651 43.016 0.651 0.747 43.016 44.844 0 1
0.651 43.016 0.651 0.643 43.016 43.343 1 1
0.651 43.018 0.651 0.691 43.018 42.872 1 1
0.652 43.022 0.652 0.508 43.022 43.045 1 1
0.653 43.026 0.700 0.653 43.026 43.091 1 0
0.654 43.027 0.654 0.602 43.027 43.055 1 1
0.654 43.029 0.654 0.550 43.029 43.229 1 1
0.656 43.037 0.656 0.692 43.037 42.775 1 1
0.656 43.037 0.656 0.662 43.037 43.209 1 1
0.657 43.039 0.657 0.719 43.039 43.142 1 1
0.657 43.040 0.657 0.488 43.040 43.070 1 1
0.658 43.044 0.658 0.616 43.044 43.241 1 1
0.658 43.045 0.565 0.658 43.045 43.017 1 0
0.658 43.047 0.658 0.715 43.047 42.712 1 1
0.659 43.048 0.659 0.653 43.048 43.145 1 1
0.659 43.049 0.659 0.605 43.049 43.112 1 1
0.661 43.055 0.661 0.610 43.055 43.082 1 1
0.661 43.056 0.639 0.661 43.056 42.816 1 0
0.663 43.063 0.663 0.752 43.063 43.202 1 1
0.664 43.068 0.664 0.869 43.068 43.066 1 1
0.666 43.077 0.731 0.666 43.077 43.156 1 0
0.666 43.078 0.666 0.693 43.078 42.854 1 1
0.667 43.079 0.667 0.801 43.079 43.055 1 1
0.668 43.086 0.668 0.773 43.086 43.132 1 1
0.669 43.087 0.669 0.707 43.087 42.711 1 1
0.670 43.092 0.670 0.825 43.092 43.181 1 1
0.671 43.096 0.671 0.562 43.096 42.967 1 1
0.671 43.098 0.685 0.671 43.098 42.873 1 0
0.672 43.101 0.672 0.685 43.101 44.095 0 1
0.673 43.106 0.673 0.748 43.106 42.948 1 1
0.674 43.106 0.674 0.630 43.106 43.214 1 1
0.675 43.112 0.675 0.950 43.112 43.146 1 1
0.675 43.113 0.675 0.432 43.113 43.027 1 1
0.681 43.135 0.681 0.766 43.135 43.138 1 1
0.683 43.142 0.683 0.734 43.142 43.295 1 1
0.684 43.145 0.684 0.751 43.145 43.411 1 1
0.686 43.154 0.608 0.686 43.154 43.863 0 0
0.690 43.168 0.690 0.767 43.168 43.298 1 1
0.692 43.179 0.692 0.731 43.179 43.374 1 1
0.693 43.180 0.693 0.668 43.180 48.487 0 1
0.695 43.188 0.695 0.584 43.188 42.907 1 1
0.695 43.191 0.695 0.707 43.191 43.367 1 1
0.696 43.193 0.725 0.696 43.193 43.274 1 0
0.697 43.196 0.697 0.604 43.196 42.992 1 1
0.698 43.200 0.698 0.515 43.200 43.474 1 1
0.700 43.209 0.700 0.661 43.209 46.048 0 1
0.700 43.210 0.700 0.665 43.210 42.599 0 1
0.701 43.213 0.701 0.636 43.213 43.437 1 1
0.706 43.229 0.595 0.706 43.229 43.414 1 0
0.707 43.236 0.707 0.707 43.236 43.077 1 1
0.708 43.237 0.708 0.937 43.237 43.250 1 1
0.708 43.238 0.708 0.698 43.238 45.052 0 1
0.708 43.239 0.708 0.687 43.239 43.054 1 1
0.709 43.241 0.709 0.690 43.241 43.202 1 1
0.709 43.242 0.709 0.589 43.242 43.264 1 1
0.710 43.245 0.710 0.845 43.245 43.754 0 1
0.710 43.247 0.710 0.755 43.247 43.138 1 1
0.710 43.247 0.710 0.604 43.247 43.139 1 1
0.711 43.248 0.711 0.547 43.248 43.219 1 1
0.711 43.251 0.711 0.814 43.251 43.191 1 1
0.712 43.252 0.712 0.778 43.252 43.614 1 1
0.713 43.255 0.713 0.768 43.255 42.689 1 1
0.713 43.255 0.713 0.639 43.255 43.358 1 1
0.713 43.257 0.713 0.809 43.257 43.283 1 1
0.714 43.262 0.714 0.595 43.262 43.016 1 1
0.717 43.270 0.717 0.574 43.270 43.490 1 1
0.717 43.272 0.717 0.743 43.272 43.350 1 1
0.719 43.279 0.719 0.682 43.279 43.303 1 1
0.721 43.286 0.721 0.751 43.286 43.551 1 1
0.723 43.293 0.723 0.671 43.293 43.122 1 1
0.724 43.298 0.724 0.695 43.298 43.366 1 1
0.724 43.299 0.724 0.927 43.299 43.380 1 1
0.728 43.314 0.728 0.737 43.314 43.031 1 1
0.730 43.319 0.730 0.786 43.319 43.472 1 1
0.730 43.320 0.730 0.804 43.320 43.647 1 1
0.731 43.323 0.731 0.647 43.323 43.639 1 1
0.731 43.324 0.731 0.763 43.324 43.134 1 1
0.733 43.331 0.733 0.739 43.331 43.282 1 1
0.733 43.332 0.733 0.820 43.332 43.098 1 1
0.735 43.336 0.735 0.892 43.336 42.992 1 1
0.736 43.341 0.736 0.718 43.341 43.324 1 1
0.736 43.341 0.736 0.652 43.341 43.468 1 1
0.736 43.342 0.736 0.822 43.342 43.217 1 1
0.737 43.345 0.737 0.594 43.345 43.142 1 1
0.739 43.350 0.739 0.759 43.350 43.334 1 1
0.739 43.353 0.791 0.739 43.353 43.296 1 0
0.740 43.355 0.740 0.815 43.355 43.249 1 1
0.741 43.358 0.741 0.678 43.358 43.357 1 1
0.744 43.370 0.724 0.744 43.370 43.286 1 0
0.745 43.373 0.745 0.880 43.373 43.221 1 1
0.745 43.374 0.745 0.776 43.374 43.768 1 1
0.745 43.374 0.745 0.583 43.374 43.337 1 1
0.746 43.376 0.539 0.746 43.376 43.165 1 0
0.746 43.378 0.746 0.704 43.378 43.101 1 1
0.749 43.387 0.749 0.707 43.387 43.333 1 1
0.751 43.394 0.732 0.751 43.394 42.928 1 0
0.752 43.398 0.752 0.896 43.398 43.457 1 1
0.753 43.402 0.753 0.742 43.402 43.661 1 1
0.754 43.404 0.754 0.714 43.404 43.368 1 1
0.755 43.407 0.857 0.755 43.407 43.271 1 0
0.755 43.409 0.755 0.775 43.409 43.120 1 1
0.755 43.410 0.755 0.840 43.410 43.466 1 1
0.757 43.415 0.757 0.771 43.415 43.561 1 1
0.757 43.416 0.757 0.592 43.416 43.370 1 1
0.757 43.418 0.757 0.776 43.418 43.148 1 1
0.758 43.420 0.758 0.717 43.420 43.851 0 1
0.759 43.422 0.759 0.805 43.422 43.492 1 1
0.759 43.422 0.759 0.657 43.422 43.312 1 1
0.761 43.429 0.761 0.980 43.429 43.527 1 1
0.761 43.430 0.761 0.683 43.430 43.511 1 1
0.763 43.438 0.763 0.723 43.438 43.563 1 1
0.764 43.439 0.764 0.732 43.439 43.244 1 1
0.765 43.442 0.683 0.765 43.442 43.228 1 0
0.765 43.443 0.937 0.765 43.443 43.435 1 0
0.769 43.458 0.769 0.708 43.458 43.503 1 1
0.771 43.463 0.771 0.660 43.463 43.321 1 1
0.771 43.465 0.771 0.855 43.465 43.562 1 1
0.772 43.467 0.772 0.647 43.467 43.801 1 1
0.772 43.468 0.772 0.803 43.468 43.944 1 1
0.773 43.470 0.773 0.901 43.470 43.063 1 1
0.777 43.486 0.777 0.950 43.486 43.630 1 1
0.778 43.488 0.778 0.972 43.488 43.551 1 1
0.778 43.489 0.778 0.871 43.489 43.361 1 1
0.779 43.493 0.779 0.951 43.493 43.660 1 1
0.782 43.501 0.782 0.708 43.501 43.853 1 1
0.783 43.504 0.783 0.750 43.504 43.742 1 1
0.784 43.510 0.784 0.748 43.510 43.712 1 1
0.784 43.510 0.784 0.808 43.510 43.684 1 1
0.786 43.515 0.786 0.771 43.515 43.351 1 1
0.786 43.515 0.907 0.786 43.515 43.768 1 0
0.786 43.516 0.786 0.883 43.516 43.679 1 1
0.786 43.517 0.786 0.759 43.517 43.656 1 1
0.786 43.517 0.786 0.847 43.517 43.731 1 1
0.786 43.517 0.786 0.752 43.517 43.374 1 1
0.790 43.530 0.790 0.683 43.530 43.732 1 1
0.795 43.547 0.795 0.859 43.547 43.666 1 1
0.797 43.554 0.825 0.797 43.554 43.324 1 0
0.797 43.555 0.797 0.741 43.555 43.266 1 1
0.798 43.555 0.798 0.920 43.555 43.257 1 1
0.798 43.556 0.798 0.702 43.556 45.796 0 1
0.798 43.557 0.798 0.630 43.557 43.403 1 1
0.800 43.564 0.844 0.800 43.564 43.714 1 0
0.801 43.567 0.801 0.574 43.567 43.176 1 1
0.802 43.568 0.802 0.783 43.568 43.797 1 1
0.803 43.572 0.803 0.913 43.572 43.528 1 1
0.804 43.575 0.720 0.804 43.575 43.775 1 0
0.806 43.582 0.806 0.902 43.582 43.512 1 1
0.806 43.583 0.806 0.832 43.583 43.653 1 1
0.806 43.584 0.785 0.806 43.584 43.625 1 0
0.807 43.587 0.807 0.717 43.587 43.355 1 1
0.809 43.591 0.809 0.760 43.591 43.888 1 1
0.809 43.593 0.809 0.732 43.593 43.574 1 1
0.810 43.596 0.779 0.810 43.596 43.905 1 0
0.810 43.597 0.810 0.817 43.597 43.583 1 1
0.811 43.598 0.811 0.815 43.598 43.790 1 1
0.811 43.599 0.811 1.083 43.599 43.772 1 1
0.814 43.610 0.814 0.858 43.610 43.592 1 1
0.815 43.612 0.815 0.729 43.612 46.286 0 1
0.815 43.613 0.815 0.864 43.613 43.309 1 1
0.815 43.614 0.815 0.621 43.614 43.742 1 1
0.816 43.616 0.816 0.870 43.616 43.571 1 1
0.817 43.618 0.817 0.929 43.618 43.740 1 1
0.817 43.618 0.817 0.879 43.618 43.729 1 1
0.818 43.621 0.818 0.806 43.621 43.550 1 1
0.819 43.626 0.819 0.814 43.626 43.637 1 1
0.820 43.628 0.820 0.670 43.628 43.701 1 1
0.820 43.630 0.820 0.867 43.630 43.803 1 1
0.821 43.633 0.821 0.835 43.633 43.640 1 1
0.823 43.638 1.017 0.823 43.638 43.336 1 0
0.827 43.651 0.827 0.721 43.651 43.793 1 1
0.827 43.652 0.827 1.083 43.652 43.664 1 1
0.828 43.654 0.828 0.801 43.654 43.526 1 1
0.828 43.654 0.828 0.728 43.654 43.987 1 1
0.828 43.655 0.828 0.963 43.655 43.583 1 1
0.828 43.655 0.720 0.828 43.655 43.505 1 0
0.829 43.658 0.829 0.791 43.658 43.675 1 1
0.829 43.658 0.829 0.866 43.658 43.608 1 1
0.829 43.659 0.829 0.871 43.659 44.001 1 1
0.831 43.664 0.831 0.796 43.664 44.029 1 1
0.832 43.666 0.832 0.732 43.666 43.471 1 1
0.832 43.667 0.832 0.680 43.667 44.043 1 1
0.834 43.674 0.897 0.834 43.674 43.810 1 0
0.835 43.677 0.881 0.835 43.677 43.463 1 0
0.837 43.682 0.837 1.042 43.682 43.618 1 1
0.837 43.683 0.837 0.822 43.683 44.228 1 1
0.839 43.689 0.888 0.839 43.689 43.811 1 0
0.840 43.693 0.840 0.839 43.693 43.781 1 1
0.841 43.697 0.841 0.842 43.697 43.521 1 1
0.842 43.698 0.842 0.963 43.698 43.597 1 1
0.842 43.699 0.728 0.842 43.699 43.555 1 0
0.843 43.702 0.843 0.582 43.702 43.881 1 1
0.843 43.704 0.843 0.955 43.704 43.663 1 1
0.844 43.704 0.844 0.709 43.704 43.464 1 1
0.844 43.706 0.844 0.890 43.706 43.937 1 1
0.846 43.713 0.846 0.902 43.713 43.560 1 1
0.846 43.713 0.846 0.848 43.713 43.322 1 1
0.847 43.714 0.847 0.903 43.714 43.688 1 1
0.847 43.715 0.847 0.885 43.715 43.900 1 1
0.847 43.716 0.847 0.943 43.716 43.796 1 1
0.847 43.716 0.847 0.768 43.716 43.522 1 1
0.850 43.725 0.850 1.029 43.725 44.106 1 1
0.851 43.728 0.851 0.962 43.728 43.657 1 1
0.851 43.728 0.635 0.851 43.728 43.507 1 0
0.853 43.732 0.853 0.848 43.732 43.686 1 1
0.855 43.740 0.855 0.899 43.740 43.970 1 1
0.857 43.745 0.884 0.857 43.745 43.675 1 0
0.857 43.745 0.857 0.792 43.745 43.558 1 1
0.858 43.749 0.858 0.903 43.749 43.730 1 1
0.859 43.752 0.859 0.934 43.752 43.820 1 1
0.861 43.759 0.861 0.964 43.759 43.492 1 1
0.862 43.762 0.862 0.916 43.762 43.990 1 1
0.862 43.762 0.862 0.824 43.762 43.946 1 1
0.864 43.768 0.864 0.945 43.768 43.773 1 1
0.864 43.769 0.864 0.989 43.769 43.997 1 1
0.865 43.770 0.865 0.986 43.770 43.854 1 1
0.865 43.771 0.865 0.876 43.771 44.040 1 1
0.867 43.777 0.867 0.844 43.777 43.944 1 1
0.868 43.780 0.868 0.961 43.780 43.602 1 1
0.870 43.785 0.874 0.870 43.785 43.745 1 0
0.870 43.786 0.870 0.860 43.786 43.635 1 1
0.870 43.788 0.870 0.919 43.788 43.899 1 1
0.871 43.789 0.871 0.918 43.789 43.988 1 1
0.872 43.792 0.872 0.850 43.792 43.952 1 1
0.874 43.798 0.810 0.874 43.798 43.892 1 0
0.875 43.801 0.875 0.783 43.801 46.262 0 1
0.875 43.803 0.875 1.041 43.803 43.737 1 1
0.878 43.811 0.973 0.878 43.811 43.456 1 0
0.880 43.816 0.880 1.059 43.816 43.793 1 1
0.880 43.817 0.912 0.880 43.817 44.098 1 0
0.881 43.819 0.881 0.916 43.819 44.119 1 1
0.881 43.820 0.881 0.799 43.820 43.318 1 1
0.882 43.822 0.882 1.004 43.822 43.862 1 1
0.882 43.824 0.793 0.882 43.824 43.951 1 0
0.884 43.828 0.884 0.837 43.828 43.842 1 1
0.886 43.835 0.886 0.873 43.835 44.333 1 1
0.888 43.841 0.888 1.016 43.841 43.540 1 1
0.889 43.843 0.889 0.931 43.843 43.631 1 1
0.889 43.844 0.889 1.031 43.844 43.802 1 1
0.890 43.847 0.890 0.878 43.847 44.259 1 1
0.891 43.850 0.891 0.843 43.850 43.810 1 1
0.891 43.851 0.891 0.861 43.851 44.115 1 1
0.893 43.855 0.893 0.828 43.855 43.773 1 1
0.893 43.857 0.893 0.820 43.857 43.951 1 1
0.893 43.857 0.893 0.761 43.857 43.722 1 1
0.896 43.866 0.896 0.734 43.866 43.703 1 1
0.900 43.876 0.900 0.795 43.876 44.217 1 1
0.900 43.877 0.900 0.939 43.877 43.881 1 1
0.900 43.877 0.900 0.854 43.877 44.019 1 1
0.901 43.879 0.901 0.818 43.879 43.516 1 1
0.901 43.879 0.901 0.781 43.879 43.720 1 1
0.901 43.881 0.901 0.920 43.881 44.374 1 1
0.904 43.888 0.904 1.055 43.888 43.874 1 1
0.904 43.889 0.904 0.963 43.889 44.006 1 1
0.904 43.890 0.904 1.099 43.890 43.940 1 1
0.905 43.891 0.905 0.854 43.891 43.775 1 1
0.905 43.892 0.889 0.905 43.892 44.116 1 0
0.906 43.894 0.906 0.764 43.894 44.090 1 1
0.907 43.896 0.907 0.830 43.896 44.102 1 1
0.907 43.897 0.907 0.826 43.897 43.763 1 1
0.908 43.902 0.908 0.909 43.902 44.231 1 1
0.910 43.906 0.910 1.022 43.906 43.892 1 1
0.910 43.907 0.910 0.935 43.907 43.900 1 1
0.912 43.912 0.912 0.901 43.912 43.862 1 1
0.912 43.914 0.912 0.845 43.914 43.915 1 1
0.913 43.916 0.913 0.905 43.916 44.051 1 1
0.914 43.917 0.914 0.812 43.917 43.945 1 1
0.914 43.919 0.914 0.853 43.919 43.681 1 1
0.914 43.920 0.914 0.886 43.920 43.938 1 1
0.915 43.920 0.915 0.741 43.920 43.833 1 1
0.916 43.923 0.916 0.997 43.923 44.025 1 1
0.916 43.924 0.916 1.064 43.924 44.074 1 1
0.916 43.924 0.998 0.916 43.924 43.956 1 0
0.917 43.928 0.917 0.900 43.928 44.099 1 1
0.918 43.929 0.918 1.188 43.929 44.237 1 1
0.918 43.929 0.918 1.038 43.929 44.144 1 1
0.918 43.931 0.918 0.766 43.931 43.731 1 1
0.919 43.933 0.919 1.080 43.933 44.019 1 1
0.920 43.936 1.039 0.920 43.936 44.089 1 0
0.920 43.936 0.920 0.831 43.936 43.998 1 1
0.921 43.939 0.921 0.885 43.939 44.302 1 1
0.922 43.940 0.922 0.830 43.940 43.644 1 1
0.922 43.941 0.922 1.068 43.941 43.768 1 1
0.922 43.942 0.922 0.887 43.942 44.130 1 1
0.922 43.943 0.922 0.881 43.943 46.141 0 1
0.923 43.944 0.955 0.923 43.944 44.020 1 0
0.923 43.944 0.923 0.855 43.944 44.029 1 1
0.924 43.947 0.924 0.803 43.947 43.857 1 1
0.925 43.949 0.925 0.904 43.949 43.759 1 1
0.926 43.953 0.926 0.834 43.953 43.950 1 1
0.927 43.956 0.927 0.929 43.956 44.035 1 1
0.929 43.961 0.929 0.917 43.961 44.020 1 1
0.930 43.963 0.930 0.899 43.963 43.955 1 1
0.930 43.964 0.868 0.930 43.964 44.004 1 0
0.931 43.968 0.931 0.958 43.968 43.846 1 1
0.933 43.972 0.933 0.903 43.972 44.063 1 1
0.934 43.976 0.934 1.001 43.976 43.974 1 1
0.936 43.982 0.936 0.890 43.982 43.959 1 1
0.936 43.982 0.936 0.949 43.982 43.886 1 1
0.939 43.990 0.939 1.029 43.990 43.962 1 1
0.941 43.996 0.941 0.989 43.996 43.784 1 1
0.941 43.997 0.941 0.997 43.997 43.835 1 1
0.942 43.998 0.942 0.993 43.998 43.645 1 1
0.942 44.000 0.942 1.223 44.000 44.367 1 1
0.945 44.007 0.945 0.912 44.007 44.284 1 1
0.946 44.010 0.946 0.981 44.010 43.923 1 1
0.949 44.018 0.949 1.046 44.018 43.740 1 1
0.949 44.019 0.949 0.961 44.019 44.111 1 1
0.949 44.020 0.949 0.894 44.020 43.949 1 1
0.951 44.025 0.951 0.868 44.025 43.781 1 1
0.952 44.026 0.952 0.908 44.026 44.220 1 1
0.953 44.031 0.953 0.843 44.031 43.896 1 1
0.954 44.032 0.954 1.036 44.032 44.048 1 1
0.955 44.036 0.955 0.794 44.036 43.983 1 1
0.955 44.036 0.955 1.160 44.036 44.353 1 1
0.958 44.044 0.958 0.868 44.044 43.965 1 1
0.958 44.045 0.958 0.932 44.045 43.851 1 1
0.959 44.047 0.959 0.911 44.047 44.103 1 1
0.960 44.048 0.960 0.944 44.048 43.960 1 1
0.963 44.057 0.963 0.885 44.057 44.205 1 1
0.963 44.058 0.963 0.831 44.058 44.061 1 1
0.964 44.059 0.964 1.025 44.059 43.861 1 1
0.964 44.059 0.964 0.951 44.059 43.803 0 1
0.964 44.060 0.964 1.163 44.060 43.792 1 1
0.964 44.061 0.964 1.089 44.061 43.640 1 1
0.965 44.063 0.965 0.905 44.063 43.844 1 1
0.965 44.064 0.965 1.114 44.064 44.370 1 1
0.966 44.067 0.966 0.952 44.067 44.151 1 1
0.967 44.069 0.967 1.115 44.069 43.979 1 1
0.968 44.073 0.968 0.874 44.073 44.577 1 1
0.969 44.074 0.969 0.983 44.074 44.070 1 1
0.971 44.081 0.971 1.136 44.081 44.114 1 1
0.971 44.081 0.971 0.960 44.081 43.881 1 1
0.972 44.083 0.972 0.998 44.083 43.813 1 1
0.974 44.089 0.974 0.993 44.089 44.277 1 1
0.976 44.093 0.976 1.096 44.093 44.312 1 1
0.978 44.099 1.048 0.978 44.099 44.096 1 0
0.980 44.105 0.980 0.874 44.105 43.879 1 1
0.981 44.109 0.981 1.156 44.109 44.323 1 1
0.982 44.109 0.982 0.945 44.109 44.387 1 1
0.984 44.114 0.984 1.039 44.114 44.080 1 1
0.985 44.119 0.985 0.910 44.119 46.640 0 1
0.986 44.120 0.986 1.058 44.120 43.983 1 1
0.986 44.122 0.986 0.942 44.122 44.304 1 1
0.987 44.123 0.987 1.153 44.123 43.893 1 1
0.989 44.130 0.989 0.943 44.130 44.041 1 1
0.990 44.131 0.990 1.036 44.131 44.116 1 1
0.990 44.132 0.990 1.025 44.132 44.462 1 1
0.991 44.133 0.991 0.962 44.133 44.355 1 1
0.991 44.134 0.991 0.948 44.134 44.350 1 1
0.992 44.138 0.992 0.788 44.138 44.117 1 1
0.994 44.142 0.994 1.000 44.142 44.126 1 1
0.994 44.143 0.994 1.157 44.143 44.309 1 1
0.994 44.143 0.994 0.899 44.143 44.193 1 1
0.995 44.146 0.778 0.995 44.146 43.946 1 0
0.997 44.150 0.957 0.997 44.150 44.266 1 0
