0.970932164335	0.925907136763	44.0365992955	0.4
0.262011814747	0.230844354662	40.7510450756	0.4
0.481286674602	0.458100957317	42.35488918	0.4
0.847495253196	0.759187809463	43.5505204659	0.4
0.434319884248	0.468517414124	41.8350308478	0.4
0.578499906333	0.507048990553	43.0689058153	0.4
0.697220624869	0.76132491127	43.0026530473	0.4
0.103710287881	0.221375218469	38.4350988765	0.4
0.213279031735	0.0142995449895	40.2681587428	0.4
0.893320989447	0.892176451363	43.4258710761	0.4
0.361841766561	0.347916667172	41.2555912801	0.4
0.990436462897	0.970439951402	44.3310337379	0.4
0.876198504724	0.850801179386	43.5252666836	0.4
0.965683274894	0.942682863572	44.5173035649	0.4
0.686340177363	0.660603880974	42.7695966336	0.4
0.849291663324	0.811843517505	43.9516212204	0.4
0.839017495601	0.75624602018	44.3142485515	0.4
0.511826009085	0.582587908044	42.2470757436	0.4
0.247737038768	0.0672875723105	40.2201062807	0.4
0.630139101731	0.640721300631	42.6329296903	0.4
0.460647562346	0.584338797691	41.843963296	0.4
0.517253005168	0.522488431019	42.3299599395	0.4
0.556756859103	0.385960020906	42.5379526464	0.4
0.720034950246	0.748876171231	43.7783086637	0.4
0.579527261072	0.671066835076	42.9955019369	0.4
0.976669542775	0.923926090099	43.7814155152	0.4
0.273569982906	0.281839353712	40.9121683485	0.4
0.747151962619	0.948570300053	42.8986933311	0.4
0.186392660085	0.0112077723237	38.9314147146	0.4
0.679187106983	0.529160024152	42.5110243868	0.4
0.106215982739	0.0411887478014	38.4756015775	0.4
0.386302352499	0.451651198116	41.3247032899	0.4
0.372473608597	0.33309745152	41.4005117151	0.4
0.136991378896	0.0172350994779	38.6923369118	0.4
0.505708411314	0.382745281564	42.725399544	0.4
0.248005864211	0.304485030198	40.8980327814	0.4
0.520238992861	0.428529146175	41.3789502681	0.4
0.778505953658	0.769836348153	43.5739504814	0.4
0.880922240352	0.851357322542	43.6824216117	0.4
0.283813669483	0.0701156683314	41.1395286112	0.4
0.67586184986	0.644082672125	42.4414551319	0.4
0.600619906576	0.620368710366	42.2848422491	0.4
0.41510280155	0.311430791969	41.7516573665	0.4
0.203534608145	0.292170784702	39.9834173029	0.4
0.347770980724	0.315882816719	40.6955519234	0.4
0.749245273995	0.778863050792	43.7062634509	0.4
0.396717068805	0.494555255716	41.6418215511	0.4
0.148849752832	0.104832074511	39.5152460178	0.4
0.711841648382	0.619378382182	43.5134426408	0.4
0.459686057603	0.53037707292	42.9425577879	0.4
0.100943822466	0.0722468312095	39.0974660726	0.4
0.367996236767	0.155649771105	40.8436369075	0.4
0.186608740208	0.09264121748	39.8542949971	0.4
0.874279997824	0.902819985503	43.9176251974	0.4
0.220775661571	0.2946521652	39.9334622111	0.4
0.16140183969	0.181914196587	39.0893465164	0.4
0.653333768128	0.5291764324	43.6345593357	0.4
0.921262325377	0.900223237703	43.7933044076	0.4
0.26594570205	0.100746265213	40.7896724364	0.4
0.285409102271	0.270638068622	41.091094895	0.4
0.58422557393	0.735142462013	42.6187529624	0.4
0.642062968035	0.491964033364	43.1638598792	0.4
0.379394408116	0.280454441054	41.6471475216	0.4
0.61864259044	0.499653050978	42.5378061786	0.4
0.0349810410242	-0.0538026163365	35.8940217057	0.4
0.339190972371	0.253865793909	40.7940970834	0.4
0.285771192451	0.317804081173	40.8613277882	0.4
0.788520821835	0.741987576534	42.484075745	0.4
0.805149030849	0.747260345627	43.4827944533	0.4
0.336545988548	0.435895105939	41.2346192918	0.4
0.1683812464	0.160266993543	39.5290263958	0.4
0.741800082278	0.776027043284	43.6419001486	0.4
0.222186830832	0.462535321596	40.2163886117	0.4
0.105800693935	0.197460653551	38.1574830457	0.4
0.0767965309929	0.119427148366	38.1428795685	0.4
0.124354046506	0.118371200752	39.1680895913	0.4
0.254987214217	0.133540758839	40.7730784889	0.4
0.548083934769	0.759264944211	42.4021826873	0.4
0.512305265937	0.449817635139	42.2127713204	0.4
0.137008263093	0.25205180583	39.3320075181	0.4
0.94161365804	0.805919713619	43.5116951568	0.4
0.801063253108	0.802437824385	43.492246632	0.4
0.0885697860237	0.101370871228	38.1618464117	0.4
0.864416201089	0.835464249304	43.0979975812	0.4
0.0473187022909	0.10925929638	36.6825391855	0.4
0.304996569497	0.221260017012	40.7051473271	0.4
0.334279187876	0.135381497223	40.941480517	0.4
0.76108880809	0.875587322975	43.7712978885	0.4
0.136530666869	0.148458205901	39.4745938636	0.4
0.504880995954	0.477825298039	41.4620747365	0.4
0.236538435775	0.0564291620702	40.6361994037	0.4
0.348753529634	0.248466796679	41.192657453	0.4
0.501503655857	0.445202145799	41.4079982753	0.4
0.41672523818	0.27670507907	41.9514774865	0.4
0.0166342201459	0.048977784201	33.9858974141	0.4
0.232155566213	0.204073894266	40.8351897631	0.4
0.312833160078	0.24205765041	41.1428798403	0.4
0.45742517478	0.294429253598	42.0846534462	0.4
0.242529468483	0.0341298142879	40.5385813764	0.4
0.698047507568	0.865568289879	43.6913030234	0.4
0.391112874623	0.382627563696	41.5336352162	0.4
0.926617860948	1.00748867847	43.7136628949	0.4
0.908561947218	1.00787063902	43.4104392196	0.4
0.758612669841	0.711436004151	42.5621371256	0.4
0.425284288125	0.48742747504	42.467714672	0.4
0.917834657155	0.75584812503	43.7007766533	0.4
0.942103993392	0.821128511421	43.4364722514	0.4
0.392394137032	0.40850703024	42.3122965632	0.4
0.943414284915	0.954433167887	43.6715611578	0.4
0.758646937473	0.768058151417	43.4768327971	0.4
0.325145768043	0.323010339835	41.567658885	0.4
0.604463332227	0.514537681887	42.9442996722	0.4
0.0989498103507	0.0296660846481	37.6833517837	0.4
0.194120644469	0.33450850149	40.0802239565	0.4
0.121075948583	0.243527615739	38.1711009369	0.4
0.353038654838	0.406506445238	41.0696975057	0.4
0.213314467564	0.119347002678	40.6274285813	0.4
0.277461054673	0.263701855728	41.4299723882	0.4
0.28166602473	0.316981497519	40.5887518484	0.4
0.73198670855	0.758237781366	43.7939915592	0.4
0.344221533644	0.429004177118	41.4319383583	0.4
0.544694520715	0.547008252303	42.5876419337	0.4
0.717598359014	0.695685524441	42.5781250016	0.4
0.745762072729	0.703379604077	43.4741454843	0.4
0.538118146648	0.535406718272	42.5343624706	0.4
0.402807639671	0.465926078499	41.527145942	0.4
0.256456071819	0.318941355954	40.4247417287	0.4
0.482014851552	0.515705072629	41.8037338985	0.4
0.496518411312	0.56629672897	42.2741664781	0.4
0.699068968824	0.742932353091	43.0956700953	0.4
0.0784040003521	0.0408533767564	37.6399044206	0.4
0.242314910762	0.194678884555	41.1176083654	0.4
0.99763625811	1.00830875087	43.7659188065	0.4
0.953623592159	0.889106911724	44.2829726386	0.4
0.395817164431	0.298683579374	41.6182338368	0.4
0.0914750335027	0.141068226099	38.4948857125	0.4
0.766326080628	0.688090107084	43.5878137514	0.4
0.545618656242	0.465278131454	42.8012822025	0.4
0.224750594508	0.470756498647	40.3075529383	0.4
0.474040853934	0.472932396125	42.6920536887	0.4
0.740756979836	0.788944776131	43.7646504024	0.4
0.185174713885	0.0712195023945	40.1138373129	0.4
0.152900824698	0.190267753341	39.2004242183	0.4
0.334353926045	0.377428054328	41.7125481168	0.4
0.0733942657223	0.0207266457132	37.7258975984	0.4
0.424228928081	0.418001926274	41.5785279545	0.4
0.554486479526	0.543652786994	42.1160970127	0.4
0.275508852944	0.182350128945	40.4104132087	0.4
0.120367928994	0.0872727693961	38.8908135421	0.4
0.773810052477	0.73448771834	43.2893220833	0.4
0.702788074482	0.701442875411	43.4200627412	0.4
0.888129173963	0.81222795054	44.5341929357	0.4
0.150442631457	0.1732941378	39.3675375482	0.4
0.858819430849	0.857148226	44.3743355404	0.4
0.875991107685	1.00953056919	43.6945818779	0.4
0.229600585341	0.299592177925	39.8368535894	0.4
0.885816611967	0.751718857796	43.6469349306	0.4
0.221928600457	0.210557875783	40.5132536607	0.4
0.658893494265	0.645937338915	42.9278204229	0.4
0.595403004522	0.822661430086	42.5028674618	0.4
0.55205148354	0.40534507429	43.1802927297	0.4
0.515834118052	0.482383599825	42.9045128617	0.4
0.8428287653	0.815385538096	43.6775595247	0.4
0.890621096591	0.936930149383	44.2568595667	0.4
0.441818923027	0.391520583635	41.7114249553	0.4
0.868071545571	0.806396853098	43.6113847004	0.4
0.619058667354	0.552832365283	43.0563803737	0.4
0.330840693592	0.204425590384	41.6156651883	0.4
0.270811122673	0.124014051811	41.1765043399	0.4
0.900219765529	0.751726399843	43.4503713469	0.4
0.685683672549	0.662208183193	43.1470332778	0.4
0.946875849704	0.820747287793	44.1654104122	0.4
0.281776292269	0.537064776977	40.3884065404	0.4
0.111522401228	0.206345848564	38.5476491284	0.4
0.178946529526	0.27777673927	38.9965457328	0.4
0.798003728492	0.792264811101	43.8941749959	0.4
0.816183438364	0.679360640882	43.0889409502	0.4
0.14834196589	0.276511052475	39.0193814332	0.4
0.792447738508	0.940796065771	44.3793549139	0.4
0.783867966973	0.781102519211	43.4194699905	0.4
0.138592512207	0.23269065224	39.8378825833	0.4
0.474281590398	0.668417523826	42.3984475381	0.4
0.049209082975	0.0547982950487	36.1526200633	0.4
0.126293259874	0.200266922154	39.1823273612	0.4
0.99608124538	1.1291124973	43.7347048738	0.4
0.698200916505	0.906087571563	43.3690184923	0.4
0.412488017547	0.246455252454	41.4419366876	0.4
0.482714708089	0.46110667272	42.646778928	0.4
0.232401092738	0.125973752644	40.5480930242	0.4
0.283966379469	0.304534872419	41.1355630222	0.4
0.892740950322	0.863177753119	43.6473218669	0.4
0.638633685041	0.711119312606	42.4394889163	0.4
0.446882266112	0.24964012868	42.4315673003	0.4
0.209590678791	0.388377841214	40.2148363167	0.4
0.203351423624	0.31818455146	40.5246315381	0.4
0.747222631043	0.732173131682	43.3571506519	0.4
0.97955482839	0.856791394528	43.8328825156	0.4
0.924773033327	0.913722671119	44.1488897627	0.4
0.220360269993	0.152620832506	39.8667849756	0.4
0.621328935702	0.618352892433	42.438356321	0.4
0.662821140052	0.723496360295	43.0823505409	0.4
0.965118979858	0.956885474575	44.3901487212	0.4
0.031768619796	-0.149675193669	35.4810336335	0.4
0.565167516203	0.58426825809	42.7679687057	0.4
0.223940402226	0.460162619791	40.4529175317	0.4
0.919669465684	1.16180377675	44.4796315099	0.4
0.445440637662	0.430018700504	41.6262111339	0.4
0.223439052086	0.348323968259	40.174536483	0.4
0.751361600353	0.72161095976	43.2937027662	0.4
0.113323214264	0.137975745362	38.5984173217	0.4
0.381347094406	0.473996117931	41.5313869086	0.4
0.052686786438	0.320826201169	36.2693245999	0.4
0.587391953219	0.619924959056	42.9569322375	0.4
0.963079322865	1.08073826033	43.9513664989	0.4
0.695800211947	0.609963768114	43.2398053197	0.4
0.317412612346	0.197445734283	41.831588312	0.4
0.992990784438	1.0658141316	44.3298949344	0.4
0.89347466253	0.823071268849	44.1681258862	0.4
0.703231934013	0.652525102104	43.6723955914	0.4
0.456457301903	0.315845998122	42.0721879182	0.4
0.117505305247	0.0607573714421	38.6030833889	0.4
0.0857199545313	0.216919023396	37.4177216641	0.4
0.196952537736	0.0886847777176	39.6865773289	0.4
0.501652758893	0.518646981067	42.222168933	0.4
0.0897838246733	0.0410605601201	38.2785284024	0.4
0.932831822798	1.02093904585	43.9100139259	0.4
0.950929407292	0.926989499102	44.2455723607	0.4
0.256674712778	0.27500487997	40.569874788	0.4
0.807875226594	0.641783319796	43.8129613911	0.4
0.575783956831	0.659501297187	42.6510955655	0.4
0.87027106707	0.943168977882	43.1633666434	0.4
0.652096846106	0.693388226553	43.3446612422	0.4
0.582265332232	0.65045148914	42.9215295121	0.4
0.0441933580188	0.123484067809	36.8707950017	0.4
0.917893324596	0.815717101311	44.0577662665	0.4
0.435473472257	0.309712994237	41.6082778184	0.4
0.573602542798	0.647727839315	43.0842468213	0.4
0.290642567677	0.286074645964	41.0363234572	0.4
0.120905598355	0.118931656597	39.5776250925	0.4
0.128232480943	0.113460030142	39.431400407	0.4
0.532955634848	0.471704664001	42.1247071559	0.4
0.238595638856	0.278038897695	40.3250548243	0.4
0.657447095816	0.587505244169	43.3062753172	0.4
0.223791457311	0.254039599229	40.225229514	0.4
0.402736341659	0.530322573647	41.7508106097	0.4
0.406443309719	0.213702177952	41.7335111681	0.4
0.81513604504	0.829027156953	44.243910368	0.4
0.470863023669	0.389081347425	42.2075821276	0.4
0.240446808771	0.281672764201	40.3067020654	0.4
0.0723201170068	-0.053689909777	37.8125242713	0.4
0.95008512776	0.921053939133	44.2898740579	0.4
0.409306436587	0.48169374588	41.5656013088	0.4
0.110400165348	-0.0720689450821	38.4155050586	0.4
0.661587028322	0.64080255033	43.1468345561	0.4
0.927694576033	0.866088393747	44.6346399306	0.4
0.774942355	0.88663026758	42.9802573837	0.4
0.687707588342	0.756951305665	42.9548728322	0.4
0.577916027658	0.557717725362	42.7479299328	0.4
0.974221585092	0.934424465795	43.2583111799	0.4
0.882652436112	0.891096073679	44.3286243979	0.4
0.413637907605	0.451380590591	41.2280160614	0.4
0.532325270265	0.426697928685	42.7604856331	0.4
0.209720529845	0.202307263374	40.4552557411	0.4
0.660752787043	0.693976417495	43.0332893478	0.4
0.972369313748	1.06887132837	44.2160446527	0.4
0.682895667829	0.635146602251	43.2281712242	0.4
0.76515701978	0.817363443534	42.9568109042	0.4
0.0772413186585	-0.0232055114528	37.4791640723	0.4
0.307081098019	0.302183628513	40.7472394868	0.4
0.672237287636	0.730373746011	43.0688832417	0.4
0.151460783243	0.211873507305	39.9021901728	0.4
0.197572779853	0.154466105871	40.4104945519	0.4
0.790073221743	0.686101947491	43.0560018191	0.4
0.020525076818	0.0504056398927	34.5197597833	0.4
0.926998109713	0.776855020052	44.2435953481	0.4
0.219476080052	0.0824455628473	40.6127083483	0.4
0.606609197803	0.613824236627	42.127510855	0.4
0.788714195456	0.85592608264	43.2172965553	0.4
0.312126900952	0.317920622103	40.9589902307	0.4
0.687724345526	0.869871733908	42.6619797587	0.4
0.605393941546	0.654369105487	42.8460571334	0.4
0.33327589647	0.238684553209	42.0023789494	0.4
0.0414710396261	0.200504640396	35.7303139776	0.4
0.816613942939	0.841234715642	43.1690762741	0.4
0.447835747674	0.471637511003	42.7293913155	0.4
0.8814173339	0.991040819497	43.6970193254	0.4
0.842455366569	0.844639343745	43.7942210319	0.4
0.331692985269	0.323381748694	41.7304313486	0.4
0.650390446466	0.66238355435	43.0042165765	0.4
0.772198850514	0.694059255691	43.8440165414	0.4
0.530679141657	0.430971224155	42.5570737659	0.4
0.519681233215	0.530985295833	42.2354487203	0.4
0.986393398018	0.969479363516	43.9446024337	0.4
0.340295736836	0.455225072632	41.6116933594	0.4
0.843200331332	0.836636757649	44.382911371	0.4
0.426339165544	0.223981543973	42.2300608082	0.4
0.955872273173	0.920304218472	43.868010654	0.4
0.605956773456	0.615225593877	42.5023441119	0.4
0.975191551336	0.97168634347	43.1196382832	0.4
0.920304469839	0.919377199556	44.3205650063	0.4
0.319580210884	0.270840120991	41.2083910204	0.4
0.369961560441	0.292386907422	41.1919896207	0.4
0.800756896869	0.859970147624	43.4771696028	0.4
0.909660803688	0.98851745234	44.2041515512	0.4
0.0633022577455	0.0439491081904	36.2111304647	0.4
0.208633644094	0.247428557009	40.077256975	0.4
0.207373729265	0.0790920481809	40.1054117693	0.4
0.2674622916	0.226561086031	39.8753628878	0.4
0.22667346601	0.377454050975	40.5370163377	0.4
0.744070370053	0.687411712534	43.1004535533	0.4
0.664997038331	0.861975868548	43.2969644025	0.4
0.395918213679	0.493553246604	41.3402565569	0.4
0.788535796528	0.794109253765	43.7406440606	0.4
0.82859324144	0.799512505597	43.340123344	0.4
0.492175526403	0.48149930767	42.0549815189	0.4
0.0856308414853	0.263223494104	37.9235476928	0.4
0.20813560327	0.218868312483	40.6122640431	0.4
0.857101399457	0.829353194373	44.1079182913	0.4
0.535296056957	0.507722776354	42.9132158035	0.4
0.805564198808	0.785991553944	43.8694847609	0.4
0.0154696309631	-0.251375268438	34.3130960361	0.4
0.617470524542	0.639982943074	43.11858946	0.4
0.8097198691	0.797901721169	43.2552653966	0.4
0.376005649513	0.375040930596	40.9430796913	0.4
0.872747820121	0.946086250016	42.7649092125	0.4
0.161654298567	0.238618587453	38.4492594015	0.4
0.798781958578	0.692660523178	44.3385956984	0.4
0.53024471274	0.697493790172	42.8455317226	0.4
0.252542371664	0.204815176899	40.3436226099	0.4
0.248521197457	0.511565887331	41.2091478958	0.4
0.174259095455	0.302729869581	39.6234137228	0.4
0.553558643344	0.544735186053	42.7332764065	0.4
0.466306852696	0.484737445336	42.1057685852	0.4
0.440292839761	0.539259123419	42.1121938058	0.4
0.854213491107	0.909654533074	43.7498526707	0.4
0.224044841527	0.150881396353	40.1069370291	0.4
0.627508108447	0.559052234885	43.0238139063	0.4
0.671823774396	0.756824985141	43.2144401413	0.4
0.458985340888	0.504030194276	42.3733841275	0.4
0.803053503159	0.694510194281	43.8147598823	0.4
0.348471220604	0.408285485674	40.9168500807	0.4
0.835494580601	0.665176795362	43.8001839167	0.4
0.771976970947	0.755954047108	42.940344987	0.4
0.730935836621	0.766855883949	43.9602080697	0.4
0.138602982161	0.109244265966	39.5539685108	0.4
0.333851814204	0.306250856144	41.289788833	0.4
0.982805971799	0.99065705443	43.3987491918	0.4
0.294335667521	0.0832310888841	41.4902731432	0.4
0.781121495209	0.815550316334	43.7694552051	0.4
0.764275974835	0.637146287497	42.6785300198	0.4
0.376297119754	0.465660948013	42.0052231208	0.4
0.552795196412	0.680604758067	43.1681890274	0.4
0.821344073208	0.948966829327	44.3081163531	0.4
0.197524894456	0.248849437887	39.0038675722	0.4
0.349627999741	0.309710652162	41.5564830321	0.4
0.758016791358	0.682699373292	43.4141974343	0.4
0.668466499708	0.566205083597	43.5671799698	0.4
0.549916538773	0.551589677579	41.7875075293	0.4
0.659439652412	0.767826470449	43.1713615528	0.4
0.362438598978	0.299354103759	41.390815619	0.4
0.766652292607	0.832671257469	43.0023979184	0.4
0.585887012942	0.750315641005	43.4761665843	0.4
0.195952192753	0.163194689065	39.857514457	0.4
0.103784370001	0.1329994674	38.5812674494	0.4
0.208658058468	0.145918029236	40.1719936788	0.4
0.253697555751	0.355562161964	40.2227182242	0.4
0.162128157598	0.0896056080708	39.2049452111	0.4
0.713511110501	0.909712995366	42.9547338449	0.4
0.833622044091	0.831056931359	44.4953114356	0.4
0.719361920705	0.800368334773	43.0192089917	0.4
0.267267470819	0.290565619445	41.0872477303	0.4
0.993758414816	0.950235907346	43.455378375	0.4
0.725328940105	0.524789669402	43.2557239105	0.4
0.0683225625271	-0.00966899652121	37.6592281199	0.4
0.674179903318	0.753519123578	42.8110876508	0.4
0.405783149759	0.44916269735	41.5534501296	0.4
0.206399293801	0.263121964036	40.0410044461	0.4
0.346443672046	0.30193675001	41.0775847042	0.4
0.747205213253	0.797933858719	43.1289096855	0.4
0.768317816058	0.875813233403	43.9212247627	0.4
0.37235514455	0.48424866871	41.3439816116	0.4
0.573752599946	0.607438762288	42.7205610032	0.4
0.629908518462	0.634364781492	42.9777835069	0.4
0.319747818045	0.286484744621	40.5901952068	0.4
0.999046701408	0.960207010698	44.3558444344	0.4
0.320584543281	0.251732882961	40.7620179611	0.4
0.176370260525	0.26629848526	40.0046828421	0.4
0.723673145908	0.754599285464	42.3786127684	0.4
0.257520991949	0.445939833972	40.4108278409	0.4
0.830776100779	0.908328282624	43.3426988116	0.4
0.850250823961	0.879230764541	43.9270753988	0.4
0.859954921359	0.731146363114	44.1428270223	0.4
0.944513556703	0.925693693211	44.1110301171	0.4
0.829647415092	0.747031484428	43.3480379479	0.4
0.203164533427	0.00629031017415	39.7681867379	0.4
0.504239685875	0.524089391059	42.3514276693	0.4
0.38546913187	0.530383045224	41.5353558101	0.4
0.259216435824	0.180097257579	40.2324046106	0.4
0.543300858447	0.486070357067	41.9982760368	0.4
0.502240413555	0.472219063949	41.6482881173	0.4
0.838622101238	0.832195029421	43.107604326	0.4
0.449538232378	0.406609811633	42.5804194596	0.4
0.404371009992	0.433136227674	41.4228257711	0.4
0.882071755951	0.842406327831	43.5486272951	0.4
0.70077557875	0.523980932528	44.1289365798	0.4
0.684435671041	0.540796916656	43.3650767613	0.4
0.162107017507	0.297797395328	38.8794933324	0.4
0.697818248237	0.701903529508	43.1531712227	0.4
0.217228078093	0.372778705396	40.563112036	0.4
0.713275454448	0.7937286106	43.2372935623	0.4
0.987220887189	1.08445388345	44.1406068055	0.4
0.6235479539	0.50751899734	42.9879023274	0.4
0.20791793325	0.130522988111	39.8750311608	0.4
0.27161297696	0.508666705611	40.6389259157	0.4
0.855109002469	0.716435950707	43.4618942567	0.4
0.265331744788	0.303864353106	40.5448001257	0.4
0.639833743311	0.6441589947	42.5258683047	0.4
0.0430308618807	0.0444727317826	36.3275725065	0.4
0.396802814383	0.338997902763	41.7540657548	0.4
0.43288942187	0.461886026333	42.2134705587	0.4
0.0660198233383	0.0156682288034	36.8062244909	0.4
0.545654606793	0.49979232672	42.3620878076	0.4
0.646014285644	0.731076926793	43.3599344976	0.4
0.322075676214	0.194086492124	41.2347812608	0.4
0.349100311335	0.3481364072	41.1508323924	0.4
0.625086249744	0.739578426617	43.0640335123	0.4
0.371938419658	0.297283897376	41.9802210721	0.4
0.483641833731	0.568204889321	41.6345823837	0.4
0.8701720028	0.913522195044	44.3675685711	0.4
0.412889426505	0.481979098705	42.0671072485	0.4
0.937613673766	0.982012632063	43.8531268379	0.4
0.649840059929	0.563371019034	43.1103921368	0.4
0.410755188755	0.442905933258	42.3697574169	0.4
0.789755974232	0.790906787292	43.5916246887	0.4
0.800335021574	0.814881213307	43.3667565999	0.4
0.894447380187	0.75118374926	44.4293824837	0.4
0.647105737746	0.707818233777	43.0262956355	0.4
0.0664179722619	0.0680463617036	37.621151273	0.4
0.841749002399	0.730095398621	44.5880053779	0.4
0.672677195476	0.531337629019	42.9116622573	0.4
0.274967959004	0.366025951141	40.5666749389	0.4
0.429767193225	0.563245380516	41.637586285	0.4
0.454057261256	0.530194417896	42.2791532304	0.4
0.726667526467	0.759114899519	42.9278370704	0.4
0.169092769274	0.203292203653	39.4293272973	0.4
0.46603683661	0.487589802533	42.6427201683	0.4
0.699660665861	0.651135705695	43.4834411999	0.4
0.0945038315716	0.1780869068	38.5622771169	0.4
0.426595241922	0.382186917148	41.7308712525	0.4
0.760564647568	0.741313548238	43.7160184338	0.4
0.0364496847837	0.283258629624	36.1688959295	0.4
0.434482405578	0.675014479853	41.3772556461	0.4
0.791002389583	0.810026605078	44.329547759	0.4
0.879589047385	0.866506471415	43.9768223024	0.4
0.326049756171	0.132202202563	41.1765978639	0.4
0.317122601908	0.221061514367	41.3642475372	0.4
0.033697819963	-0.0261054641341	36.587384372	0.4
0.260662206201	0.128307839071	40.9515267913	0.4
0.814470339418	0.731422893117	43.6758286134	0.4
0.301479583445	0.26249682798	41.2222978013	0.4
0.191008145022	0.185518516055	40.8368220142	0.4
0.586296321207	0.669776988795	42.3732479287	0.4
0.308740940141	0.142365703405	40.5858514931	0.4
0.342438170101	0.443518914438	41.5031333314	0.4
0.691140277742	0.669858639059	43.9193013984	0.4
0.498868755545	0.440859685185	42.3007783158	0.4
0.520163870406	0.409717587167	42.3376151056	0.4
0.705216912764	0.626249402678	42.1625557539	0.4
0.457609255318	0.440459183772	41.4984832345	0.4
0.124693477206	0.194681229977	38.5878398636	0.4
0.954990685894	0.942054469331	43.6682254396	0.4
0.803069386202	0.882921744918	44.7067136122	0.4
0.860756746552	0.955481384663	43.1586643565	0.4
0.140553580717	0.169766118193	38.6467925708	0.4
0.336845154537	0.32154046004	41.0981641017	0.4
0.0380935618118	0.0825662669193	35.6374159826	0.4
0.819636506309	0.865948088284	43.7145436749	0.4
0.128998133585	0.00191637802134	39.5403513986	0.4
0.88173105124	0.753849783003	43.8369506266	0.4
0.354636900674	0.431992857577	41.8400919755	0.4
0.992829164147	1.02348992092	43.6847692088	0.4
0.406837537719	0.355049981534	40.9856703658	0.4
0.542454811527	0.623071120769	42.5826886818	0.4
0.731443478284	0.860252098591	43.182778777	0.4
0.199893877425	0.101885546499	39.811901636	0.4
0.596039307823	0.722965036095	42.463579936	0.4
0.712730477242	0.53377201903	43.2100173171	0.4
0.743657226623	0.82358803529	43.4742423324	0.4
0.471227060508	0.409622926141	42.1044747342	0.4
0.221076995872	0.227206588219	39.840866491	0.4
0.814103320843	1.04358219164	43.0063348097	0.4
0.219200477857	0.122520827902	40.4409459078	0.4
0.596483574136	0.49118841404	42.442004129	0.4
0.486079628883	0.333542887524	41.9325821119	0.4
0.245434089114	0.227369004058	39.971134118	0.4
0.889870456851	0.949792682359	44.1683967406	0.4
0.390283759471	0.517456123302	42.0438669769	0.4
0.920598756838	0.944688762984	43.4659722828	0.4
0.315498893909	0.0991074268459	40.6963454467	0.4
0.231222205949	0.133778712131	39.883344391	0.4
0.121244998069	0.0808693873242	39.1798522483	0.4
0.619224522019	0.539398387082	42.6817501786	0.4
0.76783788871	0.650977119643	43.724273005	0.4
0.636230830525	0.510258283673	42.9231520918	0.4
0.299427400441	0.33726456295	40.5189745657	0.4
0.742109141936	0.579802717323	43.0055121408	0.4
0.144311746169	0.204840791538	39.4183322822	0.4
0.0270868849266	0.0233658810911	35.5462967464	0.4
0.843480746666	0.705886968317	43.5553443798	0.4
0.569014521879	0.647598206566	43.0704336922	0.4
0.907346770438	0.868313531063	43.3726915846	0.4
0.55365161854	0.465120800082	42.5557372406	0.4
0.972203372956	0.960807022091	43.7339356507	0.4
0.326578927202	0.360527957356	40.9113772479	0.4
0.265015874001	0.35035057854	40.961155587	0.4
0.0361985319993	0.00723643504221	35.9815158294	0.4
0.71172042809	0.722406796593	42.8057239769	0.4
0.453051253525	0.636751487155	41.6277699815	0.4
0.746626380571	0.723347389076	43.284222805	0.4
0.220498255193	0.145412968091	40.2064462109	0.4
0.579477295318	0.532316762687	42.6342301899	0.4
0.276732164879	0.260296810851	40.5838730192	0.4
0.830481441812	0.597927380115	44.1214140701	0.4
0.79383372303	0.765404742757	43.4287932126	0.4
0.443004668068	0.265348271835	42.8879950374	0.4
0.788462941277	0.940864748323	43.8423214702	0.4
0.635361740862	0.543481991285	42.8293865568	0.4
0.806236867738	0.852855689189	44.3656292846	0.4
0.511126600111	0.649717897143	42.5842801935	0.4
0.880280273818	0.689726127467	44.0101936063	0.4
0.644691985175	0.611554118075	42.6062062706	0.4
0.166548501057	0.0781146284185	39.4235456828	0.4
0.782640720006	0.748073788429	43.5349192635	0.4
0.92536989648	0.822700426236	44.3209170773	0.4
0.885660340794	0.878885567507	44.0119161406	0.4
0.713578282493	0.568323563775	43.3284600731	0.4
0.716355649646	0.689849864502	43.4560283119	0.4
0.450736920095	0.543490424117	42.495025922	0.4
0.469424182505	0.449622114788	41.8288584213	0.4
0.289810014649	0.293539473456	41.2332939155	0.4
0.0493085759499	0.032080140282	37.100789624	0.4
0.114782474365	0.207875343679	38.4941601144	0.4
0.505545225382	0.439050089191	41.8312037427	0.4
0.703870520367	0.731286781467	43.2952034585	0.4
0.895947519768	0.902768198597	43.8408405829	0.4
0.727766177716	0.863983575172	42.9812054698	0.4
0.860331816875	0.924038920445	44.31084288	0.4
0.201866176372	0.389383780268	40.0717331056	0.4
0.512787938284	0.45291035145	42.1116639149	0.4
0.278249172717	0.346167283562	41.2317589819	0.4
0.408138683222	0.487582826247	41.3699118889	0.4
0.414456278734	0.432513392302	42.1208256848	0.4
0.770306910515	0.596205596428	43.5899631031	0.4
0.193833890414	-0.0530220627723	39.6460995081	0.4
0.416363855511	0.501952918336	41.2660540075	0.4
0.928507995491	0.703689240487	44.6977074813	0.4
0.641957092882	0.547562650635	43.4299140504	0.4
0.509361147902	0.638250048878	42.5938545674	0.4
0.99596705426	0.855518855215	42.9445973036	0.4
0.540396786938	0.619564297298	43.5271133788	0.4
0.457407977036	0.432801303216	42.5608768463	0.4
0.6478574394	0.796009033914	42.836339754	0.4
0.355363810083	0.363639649233	40.9341536641	0.4
0.264649852169	0.325060943597	39.5180862047	0.4
0.709936449069	0.670446051913	42.8040880698	0.4
0.605330092807	0.690996469139	42.4641860734	0.4
0.946782493879	0.96704637248	44.0054883745	0.4
0.459460681537	0.391186166774	41.9276856108	0.4
0.836919662014	0.881348487362	43.9585254122	0.4
0.253725228838	0.249595556325	39.7108583171	0.4
0.616127177242	0.55927330987	42.9150735106	0.4
0.70101333552	0.592105506784	42.9014305598	0.4
0.656055468422	0.704431532424	43.4763805498	0.4
0.165504967813	0.0537851258965	39.8249005338	0.4
0.201349348229	-0.0406119855861	39.8457371216	0.4
0.745142431302	0.718764199276	43.3572075903	0.4
0.079003476673	0.147634806961	37.8756951808	0.4
0.462706961489	0.589492512347	42.4040099104	0.4
0.179211193549	0.27992443289	39.9490058004	0.4
0.494533086341	0.41651002697	41.4628803195	0.4
0.047770609249	0.0778909727334	36.8860572061	0.4
0.779715061278	0.817648558489	43.3762601536	0.4
0.171242577612	0.152333861351	39.5596788393	0.4
0.926288263878	0.909916585538	44.172905108	0.4
0.453117252989	0.426659763912	42.0125748072	0.4
0.90977445305	0.965200264729	44.5579878567	0.4
0.150577478503	0.430910912973	40.0591120719	0.4
0.4683810452	0.508070868511	42.0893397551	0.4
0.234875258101	0.540861145525	40.5578005512	0.4
0.925150160792	0.946471984831	44.5919155318	0.4
0.669322882848	0.533759460994	43.3914579879	0.4
0.51028432475	0.313651815224	41.9111728333	0.4
0.281975871274	0.126053707091	41.9799311348	0.4
0.429808126072	0.456427973509	41.4888256612	0.4
0.357232968639	0.50666867718	41.2569623453	0.4
0.881255343648	0.911599530118	43.5663155205	0.4
0.485083970972	0.340185934508	41.9725320135	0.4
0.767689704426	0.579623455425	43.3114167337	0.4
0.858346232842	0.837714136699	43.879504642	0.4
0.289966756924	0.220933513663	40.8807128543	0.4
0.730320015837	0.573588497982	42.9177083977	0.4
0.0331499938144	0.0483772839956	35.849374062	0.4
0.124680613956	0.106101434018	38.650351229	0.4
0.173385460995	0.165777149398	40.1376725182	0.4
0.155840080727	0.253292548515	39.3228462926	0.4
0.735522146504	0.887472188733	42.7953085397	0.4
0.926775113632	0.975684562644	44.382056139	0.4
0.427080279099	0.409465353888	41.9864650454	0.4
0.841696223338	0.892581497458	43.9345663465	0.4
0.247562535994	0.141190638192	40.2227108519	0.4
0.294836308034	0.304485941834	40.6907943923	0.4
0.196677334873	0.0419116805979	40.0967680292	0.4
0.789719989586	0.745868578822	43.6042103509	0.4
0.575194491453	0.475775774235	42.703079778	0.4
0.289119149732	0.322893345968	40.1683024852	0.4
0.411396109753	0.297605629974	41.9975793667	0.4
0.812232171668	0.792871997839	43.6545091995	0.4
0.167753227271	0.212017849448	39.5367250565	0.4
0.92624942535	0.945322146911	44.2476059518	0.4
0.479711999787	0.407632848247	42.7105204541	0.4
0.025774515537	-0.101365024119	35.2988457281	0.4
0.884090934567	0.927505879419	43.5645059938	0.4
0.925354145197	0.874715540256	43.9345325358	0.4
0.86494909969	0.976585944425	43.862133212	0.4
0.255705686992	0.261617562775	40.5985602351	0.4
0.91120226548	0.899943187895	44.1789626283	0.4
0.251474350939	0.127810607835	40.6208966753	0.4
0.749250233429	0.851706380966	43.4441137843	0.4
0.687477677776	0.80117378355	43.2227346396	0.4
0.200123256449	0.236666710965	39.6281402351	0.4
0.773382772994	0.67246356264	43.4004606108	0.4
0.985757235696	0.847424512961	44.2923491036	0.4
0.481037025182	0.353722622757	41.9250178099	0.4
0.468889495862	0.332336620293	42.1654633363	0.4
0.582067247323	0.735819668733	42.2975125223	0.4
0.894740988182	0.93610267393	44.0670210828	0.4
0.291442685898	0.381310588691	40.7216649657	0.4
0.663729910203	0.591411818632	43.1764430947	0.4
0.0267757937171	-0.0939736900157	35.343372767	0.4
0.266088840062	0.165328005538	40.6111520461	0.4
0.271127724786	0.182449543658	40.8888025272	0.4
0.0584681933672	0.0685863958077	37.2400793004	0.4
0.307606983988	0.335160435533	41.22757306	0.4
0.85448219279	0.861293779222	44.3570893684	0.4
0.356122177218	0.355254603987	41.6067430796	0.4
0.504649810268	0.508943460065	42.6011526657	0.4
0.738186093702	0.744732849839	43.211995483	0.4
0.795422435864	0.634723493159	43.7774756908	0.4
0.277525369604	0.371304302067	39.9472276539	0.4
0.620824001319	0.681395384771	42.7154882387	0.4
0.621280936649	0.652706827035	42.7777710694	0.4
0.129188818093	0.055112769246	39.6362981739	0.4
0.982053445649	0.847734005819	44.1930062508	0.4
0.229365708742	0.152368239068	41.0758776063	0.4
0.737735254847	0.895007105721	43.4594332763	0.4
0.972997023139	0.998442814871	44.0423025685	0.4
0.564381275561	0.617216284199	42.749591926	0.4
0.658148355542	0.741230696546	42.7933496124	0.4
0.550397180762	0.657187624783	43.7479028578	0.4
0.788965829493	0.727681248521	44.2021498129	0.4
0.878487376821	1.04412686026	44.0786595041	0.4
0.523429323706	0.388449224435	42.8132725413	0.4
0.54720517519	0.465090865101	42.9271369422	0.4
0.850189020446	0.808160614952	44.2993158628	0.4
0.746705905022	0.780416097005	43.6848353572	0.4
0.324657615973	0.408432658928	41.1207434136	0.4
0.537062688812	0.612289946143	41.9697773829	0.4
0.0670569190633	-0.0552070913088	37.397801832	0.4
0.463635316973	0.389613122687	42.5236899534	0.4
0.746527844573	0.936790372839	43.9570987231	0.4
0.948198798402	1.06960550635	44.2083228031	0.4
0.922555337889	1.00393755693	44.0770187638	0.4
0.322449056864	0.291934702427	41.2516108755	0.4
0.735144081222	0.899290876558	42.9410380878	0.4
0.30271828526	0.331919023865	40.7812398295	0.4
0.850131107215	0.792547633758	43.5058931152	0.4
0.832620213995	1.02170508878	43.6131423446	0.4
0.735424242862	0.697656985842	42.9834625684	0.4
0.951341235146	1.06017336376	44.1761607821	0.4
0.693813218312	0.674749759971	42.719414163	0.4
0.63595538329	0.635319768354	42.6579027138	0.4
0.415313059057	0.393555245098	42.7795965794	0.4
0.644025974652	0.679031580932	43.1418322634	0.4
0.0168746229686	0.0851671762563	34.6199634234	0.4
0.146418329002	0.129243051182	39.9551551003	0.4
0.882078118962	0.805650236794	43.4711328058	0.4
0.735604807098	0.724217871272	43.6773092829	0.4
0.426588042093	0.437467594304	41.3192399863	0.4
0.439878807068	0.476495154424	42.0242470131	0.4
0.0183655689613	-0.0104407661421	35.6508448224	0.4
0.750631262293	0.719405344586	43.7137695547	0.4
0.0740787549699	0.151046641903	37.602341109	0.4
0.58080266764	0.562346045566	42.8071803019	0.4
0.105254871204	0.0636917135534	38.6381833478	0.4
0.308180449313	0.353894737319	41.0678053576	0.4
0.757658840994	0.704203071882	43.445615774	0.4
0.0350825935149	0.0727313381263	36.1152224275	0.4
0.0867141715864	0.0516015765256	37.8742069329	0.4
0.317403651713	0.0906252485115	40.9751420734	0.4
0.862665776825	1.08867245385	43.3916179133	0.4
0.738892534822	0.64472975856	44.3027710826	0.4
0.0833818685142	0.00305298410507	38.2188233632	0.4
0.915538204986	0.770877380292	44.3377001747	0.4
0.48297063311	0.655254918047	42.3325739155	0.4
0.42893067028	0.511856861333	41.825731537	0.4
0.0813887997512	0.170039669059	37.5887083305	0.4
0.282799795344	0.333079145117	39.7790116726	0.4
0.268195904307	0.260998810646	40.4931400488	0.4
0.268501946169	0.188657918008	40.3153186732	0.4
0.384168733998	0.425287557878	41.5951730553	0.4
0.205872797237	0.176140068179	39.6725482542	0.4
0.651832740271	0.643917354503	42.7738415427	0.4
0.913332020558	0.754032253042	44.1242971603	0.4
0.775808537422	0.97068651353	43.5242116941	0.4
0.385990601137	0.611832809324	41.1825867262	0.4
0.459101729371	0.465036941399	41.8307765032	0.4
0.974111244768	1.10441702962	43.8152572183	0.4
0.0378551375305	-0.0828006433634	36.4458892481	0.4
0.981232946028	0.847471948484	43.76954042	0.4
0.610804971875	0.561228140113	43.0312237819	0.4
0.742316759178	0.816980686426	43.4679462316	0.4
0.764409779593	0.782733798901	43.7802416731	0.4
0.174254451994	0.218702179929	39.5063396872	0.4
0.407204547861	0.293049207527	41.5049103869	0.4
0.370762058611	0.43978164927	41.4238157748	0.4
0.341860962562	0.32165940139	41.5369646024	0.4
0.188579752393	0.166736621888	40.5068027641	0.4
0.479307561721	0.440993808272	42.4240120052	0.4
0.792449299197	0.887717562701	43.2276288947	0.4
0.129156143175	-0.081807336437	38.3227599868	0.4
0.449233669729	0.446637546777	42.0749265939	0.4
0.391922995169	0.307319893529	42.0001029479	0.4
0.580035387419	0.454549879139	42.7441997256	0.4
0.476093809018	0.426145993806	41.9433228815	0.4
0.291786044044	0.204313938928	40.8814972909	0.4
0.784779034675	0.845813855859	43.6145718205	0.4
0.0309912231865	-0.00336602048415	35.8667578078	0.4
0.830933059695	0.887873470207	43.6251662655	0.4
0.930834834451	0.823112545113	44.2206397732	0.4
0.357692435539	0.29512103354	41.4890719537	0.4
0.70634370663	0.552329078922	43.1687481841	0.4
0.788137442703	0.85644511887	43.1951576855	0.4
0.118774898451	0.24763824361	38.6915879629	0.4
0.41426498633	0.507488466316	41.776753331	0.4
0.110086566887	0.17127686076	38.61871719	0.4
0.168374367451	0.241093222101	39.6603022756	0.4
0.358153919989	0.374069645318	41.1170452972	0.4
0.675299594944	0.6902735974	42.319504328	0.4
0.439953061278	0.385087570745	41.8833127971	0.4
0.748070538706	0.854132890901	43.9059227147	0.4
0.263969705945	0.196076124292	40.5208709166	0.4
0.939142598271	0.990030041679	44.0414635364	0.4
0.825808863513	0.709839306666	43.3222924238	0.4
0.314632632515	0.421101682733	42.0075422211	0.4
0.453051579339	0.670629297927	42.0554571032	0.4
0.186902787213	0.225200999715	39.6185181143	0.4
0.519597643409	0.427633168149	42.3874357847	0.4
0.545625608822	0.56338122008	42.7662052023	0.4
0.348786413663	0.339470000905	41.2221047486	0.4
0.368888811949	0.286985118985	41.5644653364	0.4
0.918012195965	0.685100963388	43.1765651953	0.4
0.463994874035	0.6209922416	41.6356410703	0.4
0.188298516462	0.0789376324371	39.9263105585	0.4
0.212691682257	0.311408820448	40.704214342	0.4
0.590969464968	0.899626644898	42.3705469722	0.4
0.122483034347	0.0306228449992	38.5074394048	0.4
0.25055541034	0.225932093081	40.5811026603	0.4
0.852383584103	0.853539442017	43.8650608723	0.4
0.184847021042	0.193796122186	40.0212653746	0.4
0.381628671883	0.296095015939	41.8555179273	0.4
0.418874788501	0.424601984164	42.0574781711	0.4
0.669824183672	0.693383190736	43.5203996312	0.4
0.0887553021147	0.128679737213	38.3945194032	0.4
0.553361689031	0.75195163403	42.6856245037	0.4
0.960833036029	0.858706969526	43.6322024767	0.4
0.0380730258768	-0.0624336059188	36.4355219679	0.4
0.138446338482	0.0509341743729	39.3746332856	0.4
0.399946862308	0.185802648092	42.0673860601	0.4
0.488447983067	0.36034755613	42.1527529006	0.4
0.168414555524	0.212554986172	39.9605053419	0.4
0.602090681342	0.637184390317	43.2465026886	0.4
0.736824019208	0.742780204417	43.6214266332	0.4
0.330713897312	0.445364679693	41.2427939884	0.4
0.122587322676	0.0601408271228	38.9671379135	0.4
0.0192664466822	-0.188110961678	34.6745043018	0.4
0.659565016555	0.76233887237	42.5452280117	0.4
0.141707557961	0.213094205279	38.9167465173	0.4
0.504508898253	0.364338218938	41.7924726342	0.4
0.882020666102	0.900960730958	43.5425568382	0.4
0.213217715151	-0.0836605188872	39.6331470679	0.4
0.263112766794	0.442689029957	40.0808100356	0.4
0.0736201973609	0.101758864458	37.2294163887	0.4
0.967789270828	1.0805521128	43.8357200392	0.4
0.828778976363	0.759654949388	43.3747001934	0.4
0.972284124971	0.912945587545	44.092371902	0.4
0.481737247435	0.437917559005	42.1230956418	0.4
0.771907709399	0.933351237124	43.2415302986	0.4
0.370660935104	0.293440900499	41.2109811257	0.4
0.313426598851	0.414308868283	40.7495883239	0.4
0.743707878983	0.801099287774	42.5988958212	0.4
0.860082080663	0.806603158437	43.5198883559	0.4
0.292438739684	0.519514655892	41.7545111218	0.4
0.991027137371	1.02760605955	44.1728141973	0.4
0.151458183356	0.275509514948	39.3882305797	0.4
0.142123500725	0.147997828173	39.2866346357	0.4
0.192577444988	0.316660723884	39.7196393416	0.4
0.374683839617	0.203186988001	42.134824695	0.4
0.840889301438	0.736272083782	44.6827574655	0.4
0.356323128618	0.414304612843	41.4667745266	0.4
0.896996891506	0.962284416239	43.4652852963	0.4
0.369381004143	0.402166939489	41.1483641021	0.4
0.849698397534	0.949751181813	43.1561535628	0.4
0.468768400262	0.371922999039	42.2661773693	0.4
0.329103772227	0.445275385122	41.6071671782	0.4
0.53531853313	0.579927993857	42.2131515083	0.4
0.811632771885	0.854147301404	43.0651794946	0.4
0.33430287595	0.186122214977	41.1090037929	0.4
0.03742906051	-0.06477854602	36.3420844346	0.4
0.41815172509	0.501256975762	42.3785537654	0.4
0.0798705215425	0.0634755396578	38.0777697375	0.4
0.0970573207673	0.0734698847536	37.7467770665	0.4
0.482472456956	0.466121792592	41.9273336378	0.4
0.680127587739	0.750046895842	42.8303506226	0.4
0.220967930357	0.320674406567	40.2611902491	0.4
0.780638564652	0.71298212141	43.7190428752	0.4
0.668303261717	0.579745158429	43.0248356577	0.4
0.231271971054	0.111197664852	41.0183290326	0.4
0.60702725622	0.695653807897	43.1721854609	0.4
0.289904090483	0.283551109183	40.894083062	0.4
0.614451607935	0.556308902254	42.8254219749	0.4
0.82833898466	0.921052462653	43.7527401389	0.4
0.115583948032	0.10349407617	37.993812779	0.4
0.764338114147	0.774754185454	43.0423461245	0.4
0.756194877038	0.785321502355	43.7584524464	0.4
0.214876928316	0.170161087269	39.8113352163	0.4
0.91271619774	0.948426028974	44.1744352211	0.4
0.757195631168	0.802945246842	42.9518737729	0.4
0.130391307408	0.108922952161	39.2778762862	0.4
0.894714398962	0.988447959702	43.952579436	0.4
0.204752604983	0.30534256145	39.7569886012	0.4
0.559534516627	0.478460834087	42.8286376078	0.4
0.695026861294	0.624481160012	43.2084065435	0.4
0.460144702417	0.548272279243	41.4371076911	0.4
0.0908832204698	-0.0285310207419	38.4278648147	0.4
0.680018715948	0.504768900035	43.1124994896	0.4
0.237298870142	0.45935346262	41.2901653707	0.4
0.0344778968027	0.0340219481023	35.7163528178	0.4
0.399841016044	0.401166884476	41.4382329241	0.4
0.669281029728	0.585123812858	42.4917442847	0.4
0.901667092245	0.999638114846	44.1194301594	0.4
0.365193238962	0.398481821136	41.6435294939	0.4
0.353866744435	0.490243298356	41.2503195268	0.4
0.20364870348	0.237427363625	39.739487377	0.4
0.143259219749	-0.020547154356	39.5070553448	0.4
0.419873362507	0.447020385415	41.854414415	0.4
0.0241115385413	0.000787311775898	34.417240538	0.4
0.0810032344324	0.0501294860152	38.3000511164	0.4
0.967993790098	0.930890810012	43.7994840137	0.4
0.967480634632	0.989694860734	43.3478049544	0.4
0.571536837347	0.537648272285	42.2822681675	0.4
0.111880186496	0.206011394034	39.2500553412	0.4
0.922319126819	1.004994628	43.73708795	0.4
0.394123347268	0.323250272961	41.5678914553	0.4
0.748029822466	0.795834400214	43.6632210867	0.4
0.183139073596	0.274182376818	39.4189000764	0.4
0.714520578097	0.819726171645	43.4713520224	0.4
0.528470120586	0.626698193092	42.6339333598	0.4
0.0242325832773	0.0468834589068	35.1356824468	0.4
0.814872466323	0.839024464663	44.145635969	0.4
0.0722872483896	0.0492982211614	38.2824401941	0.4
0.390319828673	0.35733712178	40.9853698643	0.4
0.616162364195	0.699876208309	42.8534052303	0.4
0.726367810023	0.814455648852	43.1240413736	0.4
0.525491138685	0.54207702391	41.7607209064	0.4
0.680837888176	0.624329585918	43.5043203268	0.4
0.435085926884	0.404954554065	42.1676020786	0.4
0.0698167450235	-0.0169599820892	37.6733144368	0.4
0.199727527621	0.199047234818	40.5420770153	0.4
0.859597718891	0.757623416871	43.4585176124	0.4
0.474723797167	0.529610832385	41.9639931099	0.4
0.279818703279	0.353373252985	41.4469960392	0.4
0.567796718801	0.598540615682	42.643170321	0.4
0.513921581956	0.559748047414	43.1841173814	0.4
0.828095980295	0.949885025972	44.0036370666	0.4
0.644868098044	0.659267889035	43.1656585032	0.4
0.720483740177	0.488576613706	43.0618304358	0.4
0.24420989113	0.292954158644	40.504572677	0.4
0.433703480627	0.359883964034	41.6357579364	0.4
0.370084168243	0.411541821796	41.2859811896	0.4
0.506464971901	0.498023782969	42.2167838475	0.4
0.48011358941	0.31700587611	41.8145394424	0.4
0.429252416832	0.598708021438	41.8293700121	0.4
0.735431372363	0.671490820653	43.0368361874	0.4
0.811854525393	0.823304401377	43.5108902525	0.4
0.963762251668	0.991053417604	43.950449014	0.4
0.958447251442	0.972686643977	44.6463040436	0.4
0.466891893911	0.510295246551	42.2151600432	0.4
0.106579000836	0.232967993286	38.5485681102	0.4
0.455599440906	0.377470275474	42.3159883924	0.4
0.494458339105	0.442335442489	41.7644228786	0.4
0.0864288707732	0.0735221566565	37.6317163348	0.4
0.542286018763	0.705803771764	42.9176819441	0.4
0.98097554913	0.84711536327	44.0860365688	0.4
0.854222384948	0.865233347273	44.0204208795	0.4
0.31327372214	0.419813695699	41.287829221	0.4
0.267730113181	0.205002898178	40.4687325693	0.4
0.54043162482	0.509328212979	43.3640193002	0.4
0.802145584145	0.793643017171	43.8031367257	0.4
0.177165507194	0.295550178967	40.1331725557	0.4
0.313160986368	0.380504270028	41.0986019491	0.4
0.884411252532	1.00518781835	43.9902059122	0.4
0.442618491663	0.421431582939	41.8315443285	0.4
0.520995995727	0.564257010327	41.8896638335	0.4
0.599042578415	0.514596040056	42.8293628039	0.4
0.85217488726	0.935007742069	43.3895859077	0.4
0.409459525682	0.345994084653	41.7766680548	0.4
0.394292151754	0.349557540735	41.5124417897	0.4
0.846974961204	0.880701738139	44.3428975681	0.4
0.646901980159	0.523628121984	42.6140366266	0.4
0.39724131289	0.460141506863	41.1796115983	0.4
0.348017024674	0.270079063815	41.9443946121	0.4
0.408146225869	0.37556791925	42.2086644732	0.4
0.381694080011	0.333447601272	41.2243782198	0.4
0.887250481495	0.905133023734	44.0965756725	0.4
0.506693810263	0.606001191679	42.6927824703	0.4
0.0712108088603	0.0188314491153	37.7631313881	0.4
0.555355635691	0.452326385776	42.8443197658	0.4
0.366817722495	0.534982849532	42.0142449632	0.4
0.376719265364	0.321545892207	41.4262493021	0.4
0.725588512275	0.538388099197	43.6142991445	0.4
0.531868697338	0.544256986561	42.9272660896	0.4
0.210592558168	0.272431702108	40.5944824614	0.4
0.951715222869	1.00308769075	44.0557661089	0.4
0.725898628762	0.71926952599	43.838858858	0.4
0.457303535944	0.396820018755	42.268803237	0.4
0.486153367619	0.406513591386	42.1051907962	0.4
0.103994422908	0.0909215738507	38.5727703671	0.4
0.361731225059	0.341527480468	41.5927678958	0.4
0.853743871575	1.06370344229	44.0584946399	0.4
0.0292908764523	0.218902320342	35.3327483104	0.4
0.330388168146	0.376124078458	41.7331308027	0.4
0.177125202138	0.121950332728	39.5921169477	0.4
0.0296330305946	0.104536017151	36.0632626862	0.4
0.604556676388	0.635304716323	43.1245289304	0.4
0.620249393958	0.687989951478	42.8882261502	0.4
0.296560000907	0.318014330799	40.8338484277	0.4
0.514944420781	0.304075774194	42.2802753559	0.4
0.887190820788	0.853068231823	43.7958674612	0.4
0.929321585024	0.826628703155	43.6790823873	0.4
0.992135454636	1.06613450767	44.3741733596	0.4
0.826070214593	1.02752328316	43.1663228432	0.4
0.456350990579	0.425255707012	42.2803488886	0.4
0.761551347914	0.612389062177	43.6988841286	0.4
0.484566784437	0.621259506417	42.4604529243	0.4
0.727229190805	0.738089844131	43.5725336936	0.4
0.0476670695235	0.265699278452	36.3862004054	0.4
0.737064422899	0.788442366373	43.8874034454	0.4
0.304862349637	0.335782003437	41.5588310928	0.4
0.96021747827	0.908571084914	44.3004218071	0.4
0.34449063797	0.465875541307	41.6708338315	0.4
0.503825251284	0.740699314405	42.537663416	0.4
0.59528498613	0.550913124009	42.6296241154	0.4
0.150433192867	0.289864499431	39.3906273071	0.4
0.256670942099	0.215799985147	40.8780913337	0.4
0.621765751483	0.429851241149	43.3394352198	0.4
0.24765664621	0.15730325718	40.190853067	0.4
0.375870570909	0.357693496056	41.4144343644	0.4
0.297870114293	0.562023432948	40.8855102384	0.4
0.379972052187	0.510376723181	40.8683605598	0.4
0.177411930665	0.139025862155	39.4708197816	0.4
0.530625522707	0.698209734473	42.3065188792	0.4
0.19146089183	0.0891337994074	39.6145864505	0.4
0.0533348833653	-0.0158715537551	37.373975941	0.4
0.575868989863	0.690674981449	43.465534045	0.4
0.694318850186	0.637848198363	42.2445404965	0.4
0.567699626799	0.496032725349	43.2884012273	0.4
0.34774560859	0.311436308873	42.0565125489	0.4
0.596010650715	0.722229587274	42.7505859232	0.4
0.347480694872	0.373513884571	41.6743474139	0.4
0.979410624288	0.883987056349	44.1811712155	0.4
0.551241919202	0.64775482805	42.0134015957	0.4
0.974675383768	0.990958628158	44.1775834275	0.4
0.573240516097	0.615388474699	42.12568423	0.4
0.912077415324	0.823224774565	43.5392692991	0.4
0.953989207658	0.831523458797	43.8465375986	0.4
0.106297387449	0.20801941995	39.0478610429	0.4
0.786990716461	0.706363085026	43.8211670129	0.4
0.481446165205	0.496420270204	42.2167182889	0.4
0.148599808248	0.115501958746	38.9320967763	0.4
0.790744399676	0.68386049476	43.8455959675	0.4
0.379605714246	0.373146100899	41.4014846496	0.4
0.146535205518	0.201274124655	39.3147154536	0.4
0.757612878963	0.613434897798	43.1644225573	0.4
0.987475761354	1.09169309552	43.5669912684	0.4
0.147388186885	0.121743777485	39.4403514485	0.4
0.503137612724	0.522268540758	42.2649960853	0.4
0.403307482268	0.454191425232	41.3990872843	0.4
0.593126592617	0.740518699683	43.5573058292	0.4
0.265637175951	0.257167472423	41.3191691096	0.4
0.672689269411	0.621680270833	43.0556220065	0.4
2
