#z_true 	 z_obs 		 mu_obs 	sig_mu 
0.374094688522	0.374679359541	42.0803231147	0.2
1.08289204629	1.04891681706	44.1551854486	0.2
0.598611798301	0.624891371141	42.5565712292	0.2
1.22501866102	1.1576461373	44.7088121621	0.2
0.590140664218	0.539549895935	42.4289421074	0.2
0.731023664105	0.733183984625	43.4538933628	0.2
0.657975812147	0.579366552048	42.9350389431	0.2
0.707075842073	0.787015943571	43.5145822446	0.2
0.409907997961	0.371378349389	41.6208280647	0.2
0.902697658374	0.941928171665	43.913809844	0.2
0.729839502158	0.771523858278	43.3194776243	0.2
0.20657912542	0.241243163025	40.1504012604	0.2
0.672649419997	0.702101449919	43.2937012431	0.2
0.301343345823	0.373021310369	40.9837102012	0.2
0.37791992832	0.450190025032	41.3060489284	0.2
0.673751069858	0.647441823823	42.8313578421	0.2
0.119055051189	0.127560134188	39.0029927865	0.2
0.0366870884948	0.100431517201	36.006295187	0.2
0.501464835492	0.501994442141	42.3695028431	0.2
0.405497371396	0.389182259426	41.638274407	0.2
1.0164969064	1.10357881642	44.0727978647	0.2
0.603782213303	0.681370528987	43.0585450432	0.2
0.860530158077	0.791535517927	43.6458331802	0.2
0.389959029651	0.423517387506	41.4226790209	0.2
0.371198859239	0.377173826593	41.498649875	0.2
1.01974550327	1.0084677078	44.131869194	0.2
0.225767932877	0.213780390294	40.0799597355	0.2
0.375249316383	0.390659542245	41.8469167694	0.2
1.12881455851	1.16085800112	44.2720787196	0.2
0.737007806556	0.709274472639	43.5647535845	0.2
0.958779780473	0.911316205244	44.1605380699	0.2
0.951305668864	0.90563378628	43.9483911098	0.2
0.367344662466	0.304583221863	41.8762992224	0.2
0.892960226549	0.886326373689	44.3625565723	0.2
1.17391714806	1.30031156007	44.4693580499	0.2
1.27806247148	1.08048030668	45.071468797	0.2
1.22817774284	1.28200994273	44.8300441729	0.2
0.480558447461	0.532941099687	42.3095314309	0.2
1.20777481069	1.24356744246	44.849966801	0.2
0.661811104999	0.686241571752	43.3436828371	0.2
0.356927347726	0.270827873628	41.5981770261	0.2
0.58443403474	0.593047837046	42.8820117806	0.2
0.387532111686	0.319595313298	41.4061586503	0.2
0.666250036991	0.656850325408	42.8584204714	0.2
0.596398979767	0.658715969993	42.7908596344	0.2
0.389477912607	0.4341097051	42.0836517258	0.2
0.511032512416	0.4662332938	42.2706412713	0.2
0.599341848574	0.623564048634	42.7625479267	0.2
0.230064093257	0.237462003143	40.7502371964	0.2
1.14245726045	1.22160617801	44.6395401543	0.2
0.775748949656	0.710390913164	43.22844619	0.2
0.412881367676	0.460136542427	41.7995932139	0.2
0.759492900699	0.649537535308	43.6864776303	0.2
0.325350115477	0.27376958852	41.0623742527	0.2
1.09505692367	1.02203033777	44.5714454782	0.2
0.187487642795	0.193223712498	39.7557959124	0.2
0.681425764197	0.635056531503	42.8714044541	0.2
0.922766407171	0.89087065094	43.6720700596	0.2
0.908548258668	0.928664961371	43.8044602405	0.2
1.03481061563	1.05575928702	44.5979194262	0.2
0.764835719335	0.614329068641	43.1866316833	0.2
0.733441739227	0.719669658001	43.09056905	0.2
0.206817578645	0.153600395194	40.2351571233	0.2
1.02387400483	1.00672191803	44.4659950526	0.2
0.984398314313	1.03504883428	43.9775458846	0.2
0.669054225032	0.657473398366	43.2603892065	0.2
1.03838710453	0.878376648884	44.1405185846	0.2
0.750666115682	0.830459079814	43.2875054259	0.2
0.307196274309	0.303961101588	40.8002859514	0.2
0.463836886	0.469249158494	42.154980888	0.2
0.886992920432	0.809303889577	43.712274401	0.2
1.05420963674	0.983869892744	44.0549912175	0.2
0.64915481796	0.585992223998	43.0118861426	0.2
0.617611339505	0.626170274817	42.9428177862	0.2
0.140705836145	0.144171131799	39.0406256822	0.2
0.194696028696	0.159547226131	39.880707767	0.2
0.586352364103	0.664214520276	42.6901938473	0.2
1.13692220813	1.09654598925	44.3148928682	0.2
1.15585610381	1.10705869983	44.5525583289	0.2
0.119685763717	0.167755071535	38.7676765665	0.2
0.857440530242	0.805104253355	43.7379227164	0.2
0.487552910717	0.448392775197	42.3974871321	0.2
0.75062491489	0.770248649701	43.3978902228	0.2
0.552983043849	0.518113051576	42.5508969514	0.2
0.415483827308	0.328218298012	41.7091366523	0.2
0.35876978345	0.278158660796	41.1846655866	0.2
0.707494164146	0.686631233733	42.9363959375	0.2
1.10001589222	1.08388428375	44.6974652702	0.2
0.317423954924	0.411799281271	41.204281197	0.2
0.766877762658	0.709564651384	42.7529810501	0.2
0.272530696496	0.23957343173	40.590689272	0.2
0.374298260565	0.371086477341	41.8385623907	0.2
0.534639443226	0.529587130267	42.7453410396	0.2
0.444383673979	0.439841250082	41.8382590876	0.2
0.259348884636	0.208583882018	40.8630036317	0.2
0.559135391142	0.551051803835	42.5750609412	0.2
0.703150716108	0.774194415969	43.2918884729	0.2
0.181422036707	0.198680837111	39.7533765662	0.2
0.204688343261	0.143712334186	40.0980598138	0.2
0.598730569852	0.642252279803	42.6341548692	0.2
0.929299132037	0.916904724085	43.9956606809	0.2
0.569155474223	0.436976314891	42.6038418856	0.2
0.26598023284	0.331211587284	40.6963805942	0.2
1.25054458996	1.40464697914	44.6109677224	0.2
1.12495150314	1.18508651298	44.6661852706	0.2
0.555387415215	0.602951801361	42.7352307215	0.2
0.323605807463	0.313358625466	41.1490037603	0.2
1.03777329494	0.978813385301	44.1924480476	0.2
1.01109025452	1.03109643014	44.3729567541	0.2
0.473965013415	0.493313996908	42.3893623439	0.2
0.859292752359	0.745568023892	43.7897274696	0.2
0.408729339396	0.37656625711	41.8731719044	0.2
0.74326449018	0.820955603194	43.3538919931	0.2
0.424153975049	0.384075834063	42.0844944889	0.2
0.477463676077	0.491025936991	42.0832670751	0.2
0.421284616807	0.474871468337	42.0358012325	0.2
0.829805941387	0.855237529154	43.5611772372	0.2
0.757742889196	0.844821903238	43.4359831596	0.2
0.92843365823	0.990821236268	43.692609882	0.2
0.4547023711	0.528490844105	41.9845410717	0.2
0.214166616831	0.23770982309	40.4597903834	0.2
0.749964604579	0.644942095496	43.3407365154	0.2
0.607374755147	0.625840478104	42.9518481258	0.2
0.91117241606	0.95216634214	43.7888312857	0.2
0.414270089286	0.432962468934	41.5345816676	0.2
0.678044804097	0.747190827795	43.2770422191	0.2
0.181776096655	0.120874289774	39.8537107702	0.2
0.404233988425	0.407779668581	42.0212317042	0.2
0.803924139066	0.812989841307	43.6256027867	0.2
0.296358038404	0.266966170653	41.1215965951	0.2
0.64215180277	0.665390131238	42.9590799056	0.2
0.724987291456	0.621636303888	43.1257571862	0.2
0.279159823356	0.302930155212	41.0799120971	0.2
0.170107834156	0.146056767984	39.6029361854	0.2
0.956573363006	0.977737466157	44.5341175159	0.2
0.688920707633	0.674376072849	42.9488054734	0.2
0.105741301373	0.103890014477	38.1652981803	0.2
1.12350604992	1.01948938211	44.5165839605	0.2
0.104817609975	0.0876891712441	38.5741228751	0.2
1.28627086323	1.31626022815	44.7262968529	0.2
1.38674930659	1.44477308307	45.2138552567	0.2
0.690720182999	0.768093768691	43.2008761555	0.2
0.686828015645	0.659878190642	43.298757968	0.2
0.996566979954	0.895858147148	44.1574448427	0.2
0.55426859589	0.576595622534	42.7732252388	0.2
0.43329291926	0.420321242891	41.9043815898	0.2
1.17561201007	1.18651244497	44.2758131094	0.2
0.2555153726	0.216406062134	40.7830388299	0.2
0.303467778356	0.402929240917	41.1878300199	0.2
0.210201988255	0.247632709993	39.755588681	0.2
0.778769458259	0.781601294469	43.4460296881	0.2
1.33041223888	1.32323661868	44.8024115208	0.2
0.929181716262	0.84488670066	44.3306479433	0.2
0.783949131992	0.776136884373	43.6872097191	0.2
0.823083507079	0.831239372634	43.5618862668	0.2
0.711180409192	0.658836469816	42.922592975	0.2
0.952152972936	0.731102116032	43.736171226	0.2
0.748343046222	0.813672811663	43.1005951739	0.2
0.49816578414	0.484252540862	42.1361304786	0.2
0.466350487459	0.44166461622	42.2049170617	0.2
1.02314679277	1.0275933968	43.7566105008	0.2
1.20054085537	1.07696389478	44.7793990703	0.2
0.485604013321	0.573358000926	42.2803243001	0.2
0.593094920165	0.706865740848	43.042094885	0.2
1.12164833935	1.04379729804	44.2818872218	0.2
0.755279187312	0.738470537028	43.3320081402	0.2
1.19649798611	1.18192825231	44.2484435918	0.2
0.856072412336	0.829631282519	43.576385069	0.2
1.27615144582	1.2469740302	44.9387598319	0.2
0.278166407187	0.188409185211	40.887343272	0.2
0.704988837192	0.615546067909	43.2247887847	0.2
0.23435119957	0.220095629069	40.6169101636	0.2
0.438434323263	0.502281150072	41.7481683122	0.2
0.592649509304	0.5830927801	42.6628289275	0.2
0.361992207418	0.410853456612	41.4723175905	0.2
1.0950308488	1.01997349259	44.4280773942	0.2
0.263591159545	0.28012663823	40.4181339987	0.2
0.151388734027	0.1547767146	39.5843495231	0.2
0.292733712555	0.334707990143	41.1114001937	0.2
1.03126360234	0.999052889811	44.3955499394	0.2
0.425478349505	0.481949840582	41.690915251	0.2
0.0528662696041	0.0848373021013	37.108478276	0.2
1.01940530797	1.18886293399	44.2661024713	0.2
0.20101535632	0.226690894688	40.2585791592	0.2
0.113137780351	0.184653989031	38.943761851	0.2
0.274276956556	0.282789364953	41.0436746834	0.2
0.718747917604	0.693542316758	43.2326471609	0.2
0.379066510212	0.380357585554	41.4472775782	0.2
0.750164689871	0.82493861317	43.3605034999	0.2
0.596332603844	0.675025115476	43.1527747808	0.2
0.681408113553	0.606522256757	43.3642046951	0.2
0.266510770556	0.249029835181	41.0076107519	0.2
0.326284076415	0.332428269	41.3001102033	0.2
0.649960206379	0.63864631414	43.163617105	0.2
0.418050678404	0.496563061903	41.8432850033	0.2
1.09828188302	1.16536933687	44.7305387832	0.2
0.714698053287	0.627579596147	43.4807273765	0.2
0.922633975687	0.972332162184	44.3742130913	0.2
0.478367955945	0.469302197956	41.9544187407	0.2
0.659947409441	0.598057077608	42.8325913737	0.2
0.680827620564	0.653353853697	43.3330642282	0.2
0.932621457912	0.942330253923	44.0207938056	0.2
0.355988527371	0.399964798951	41.2088004631	0.2
0.484055670685	0.523221913403	42.2674252293	0.2
1.17290916412	1.16454402562	44.9398724116	0.2
0.978162888488	1.01134992381	43.9590782601	0.2
0.836169047324	0.831828532931	43.5077074029	0.2
0.904181648423	0.885985256304	44.3535588743	0.2
0.459527021732	0.531632512601	42.3979541351	0.2
0.603331885253	0.551963410089	42.9715658463	0.2
0.242243294871	0.253068174174	40.6947906067	0.2
0.347728819083	0.308650189488	41.3612987249	0.2
0.995737669913	0.941300069106	43.7323748643	0.2
0.643463146643	0.667832784559	42.9969551553	0.2
0.247971677744	0.196229570293	40.329049776	0.2
0.712873569566	0.723630803219	42.9262357872	0.2
0.159539905974	0.214535214098	39.5147051466	0.2
0.878076275115	0.960494134921	43.8330976242	0.2
0.44037991588	0.414403389821	41.8675597433	0.2
0.948051939217	0.994592599131	44.0479507	0.2
0.278144404522	0.28214255623	40.8742936431	0.2
0.194374554103	0.2552594604	40.0525271391	0.2
0.188616312214	0.157474410503	39.7873140036	0.2
0.74104743361	0.780163866049	43.3010296835	0.2
0.227425022933	0.232436463974	40.284482041	0.2
0.244411964247	0.176867265321	40.5088650354	0.2
0.134936720492	0.120959057735	39.1578861062	0.2
0.137437200411	0.128569942928	38.9520356012	0.2
0.283850710806	0.27946072661	40.7653259698	0.2
0.900259589328	0.899353714104	43.892892819	0.2
0.465896304154	0.507857221507	42.1570206556	0.2
0.285223743335	0.215928358552	40.8591823545	0.2
0.700234804354	0.634170765533	43.2902021729	0.2
0.690744145042	0.860469349828	43.1087636996	0.2
0.43473193479	0.456280243129	42.0245875555	0.2
0.876867109833	0.84835455206	43.9426141264	0.2
0.562048237378	0.473833178765	42.5940550695	0.2
0.836394156449	0.953059798437	43.797061248	0.2
0.198497723141	0.136517043227	40.0145970081	0.2
0.255853214395	0.249856875214	40.5990851635	0.2
0.135871613513	0.146925319434	38.8113830183	0.2
1.02520275513	0.93831831952	44.321354521	0.2
0.876039721689	0.789355084305	43.6670303333	0.2
0.102728886532	0.0979448325359	38.5090438879	0.2
1.36013760046	1.29328522754	44.6093708829	0.2
1.36532701892	1.26708539387	45.0224321913	0.2
0.592871266397	0.675116937581	42.9714330785	0.2
0.0810833197139	0.102576407893	37.9939870443	0.2
1.14163975893	1.22466778268	44.5663351852	0.2
1.35279802633	1.45385297453	45.184070047	0.2
0.175022427076	0.167920903483	39.5768054281	0.2
0.240598587248	0.268388982512	40.5723879219	0.2
0.514971203784	0.50331004424	42.3014554773	0.2
0.363811127245	0.357195589098	41.2591737959	0.2
0.316786189426	0.332152993606	41.0603257006	0.2
0.848729388568	0.88496147361	43.8756462955	0.2
0.635409059378	0.761577717592	43.0401357392	0.2
0.804526539405	0.863382148155	43.9243270712	0.2
1.21548272258	1.14370670179	44.8233561402	0.2
1.37198190299	1.38742722979	44.7532987702	0.2
0.669851338986	0.637539447521	43.2408076315	0.2
0.741009644517	0.845113727063	43.4021195315	0.2
0.177147079065	0.115237921396	39.6295343361	0.2
1.12111106426	1.07364825126	44.5434753504	0.2
0.189627756269	0.211227616167	39.7177902992	0.2
0.534611836449	0.560961582693	42.4972022953	0.2
0.483771534394	0.509513087034	42.1044974921	0.2
0.376667195863	0.382711502915	41.6378275609	0.2
0.582708119991	0.568904638709	42.7599311555	0.2
0.47808494225	0.472279820883	41.8179689649	0.2
0.54717178255	0.656405185356	42.5788971053	0.2
0.11123034725	0.0872560690968	38.9538781098	0.2
0.782133586959	0.804426564356	43.5451113409	0.2
0.0920098230169	0.112076903186	38.1154754992	0.2
0.312581526893	0.376026262683	41.1895645868	0.2
0.141524315381	0.156727259884	38.9207804376	0.2
0.344784006577	0.398328969337	41.5086000052	0.2
0.880475242466	0.969117518883	43.8614741414	0.2
0.825207604225	0.785758374038	43.4232817993	0.2
0.731139942349	0.606615978297	42.9306912049	0.2
0.669888397147	0.735930092716	43.6108197513	0.2
0.630595220957	0.601989262365	42.8948122859	0.2
0.677234726933	0.655604205495	43.5293967979	0.2
0.216708069842	0.272893237289	40.3606418357	0.2
0.271444692588	0.312562128316	40.6667562526	0.2
0.977825739353	0.904163480427	43.945249926	0.2
1.1045689762	1.12311307666	44.4721050374	0.2
0.190436985868	0.148422134361	39.6477926019	0.2
0.274931606627	0.260518487242	40.533515019	0.2
0.399795785426	0.45172759501	41.79785254	0.2
0.918062232808	0.729774184011	43.963599382	0.2
0.844193004102	0.847862107354	43.8710244918	0.2
0.413007269692	0.496735394784	41.7438652255	0.2
0.301462753755	0.222008258985	41.1101744867	0.2
0.0921074508186	0.0360579332696	38.1576045297	0.2
0.645297295905	0.729829038898	42.9727076772	0.2
1.31008217364	1.18304077806	44.8746293629	0.2
0.396088841457	0.448492428133	41.7050692062	0.2
0.899018938585	0.853630408091	44.0101037925	0.2
0.63236067303	0.602541344855	42.9224827052	0.2
0.326442710847	0.33587194115	41.2492988177	0.2
0.464504249444	0.525653173955	41.9916970944	0.2
0.827970159086	0.853856655348	43.887253042	0.2
0.0519317261315	0.0874256656538	36.7801695492	0.2
0.639808559362	0.553216826183	43.3904206473	0.2
1.33604335503	1.38484187847	44.8710240741	0.2
0.801989768476	0.717601608506	43.8868184483	0.2
0.5384493312	0.419132586149	42.5608731351	0.2
0.815081199909	0.690285937681	43.9788744928	0.2
0.668022431332	0.687574101767	42.9902902311	0.2
0.200867195606	0.186328418794	39.874624371	0.2
0.45582981256	0.577261553157	41.963544381	0.2
0.850555928533	0.918023367233	43.9605640751	0.2
0.974117429662	0.848750121281	44.0639233558	0.2
0.61276425753	0.551482003294	42.9820675161	0.2
0.250084221162	0.254906199792	40.6833928935	0.2
0.405882759835	0.35815384098	41.9718920165	0.2
0.727015249854	0.676466698745	43.184252696	0.2
0.632795932261	0.610728966964	43.0556104807	0.2
0.726931193538	0.726367364835	43.4066310775	0.2
0.680935014491	0.720878442268	43.0134251143	0.2
0.16952065629	0.115358193109	39.6679704603	0.2
0.272784282746	0.320060783685	40.6167075085	0.2
0.392479602081	0.477525121512	41.4011370479	0.2
1.29097362035	1.25482799098	44.7237523188	0.2
0.217576150609	0.129784567604	40.3839650434	0.2
0.74763076215	0.769451824668	43.4375606703	0.2
0.586465843999	0.524034760418	42.3918025897	0.2
0.267477252987	0.307375131058	40.71329877	0.2
0.398362992909	0.475935384336	41.7904036926	0.2
0.457706372167	0.557162360166	42.1155031664	0.2
0.766678101275	0.831084684813	43.5891157625	0.2
0.0507910659284	0.0546988530891	36.7836002615	0.2
1.1294829509	1.05427967618	44.3411598927	0.2
0.573015200858	0.578924642093	43.0562768487	0.2
0.539184101175	0.583362952848	42.7627742545	0.2
0.712608539445	0.707243220772	43.4811921367	0.2
1.14796381265	1.01738983438	44.538613675	0.2
1.22080475663	1.47086728906	44.4067944623	0.2
0.917983151649	1.00332858012	44.0794489849	0.2
0.0483913086063	0.066173671156	36.6433422427	0.2
0.727664200497	0.618972467902	43.1919482688	0.2
1.27154727111	1.36937030063	44.9504323023	0.2
0.69372767016	0.659556204024	43.3188294182	0.2
1.11484059606	1.09741835017	44.5488032032	0.2
0.404168896337	0.492800093724	41.7910536201	0.2
1.22894067219	1.19469136558	44.7091536334	0.2
0.439729353862	0.367110514086	42.4079394721	0.2
0.205186060584	0.182841161894	40.5310328191	0.2
0.982337110844	1.07244988156	43.8941631204	0.2
1.19075678469	1.18363208453	44.3637639737	0.2
0.376856598729	0.334728266029	41.6034931778	0.2
0.481156749511	0.434405658614	42.0170031882	0.2
0.61651887246	0.786093981512	42.4466970042	0.2
0.891705778632	0.840119100824	44.3397387042	0.2
0.602892861423	0.629787929965	42.6304301144	0.2
0.547636010858	0.463502417574	42.6515860974	0.2
0.201430582142	0.194906538344	40.3790369786	0.2
1.31108048274	1.3005974266	45.0163982433	0.2
0.168796054884	0.100539535751	39.5995233848	0.2
1.195194353	1.20277420778	44.5497175627	0.2
0.0863640696766	0.0509413838333	38.1228893275	0.2
0.834708728425	0.728601413377	43.6990510759	0.2
0.708581153919	0.659612210688	43.2518704886	0.2
0.147562845664	0.20362454616	39.6866525488	0.2
0.616410653746	0.589416086537	42.7214971894	0.2
0.204943377507	0.188406968471	39.770327582	0.2
0.726934988337	0.761133355797	43.0730422483	0.2
0.659075355338	0.535690318109	42.6242420539	0.2
0.763967063385	0.764039037498	43.3078943868	0.2
0.469618664496	0.490028701204	41.9900118299	0.2
0.411304811785	0.414132052012	41.7126297936	0.2
0.556865104637	0.552012813914	42.75052133	0.2
0.196351746021	0.187476888623	40.185418288	0.2
0.894696164647	0.898007724636	43.690081545	0.2
0.723449791082	0.731269156451	43.169443561	0.2
0.426742530683	0.502480898258	41.7208289567	0.2
1.07443988147	1.06252205892	44.5640402133	0.2
0.798089077864	0.827212180039	43.6571420778	0.2
0.605416255953	0.589127790787	43.0605917446	0.2
0.67070511935	0.698649261328	43.0758948253	0.2
0.64967843032	0.691874425979	42.9777100318	0.2
0.541934709443	0.499688544503	42.6783534692	0.2
0.191744641986	0.294745385815	39.836351373	0.2
0.589975926471	0.621684123849	42.4893108599	0.2
0.773418766981	0.742892175124	43.743520614	0.2
0.312963264647	0.190511419098	41.0341304289	0.2
0.484726529887	0.506236517559	42.4957531589	0.2
0.524562161118	0.563355709982	42.5214960949	0.2
0.785678964653	0.772621602476	43.7107820932	0.2
0.199626774411	0.207252032865	39.9580252883	0.2
0.364689587984	0.341639264171	41.2859553446	0.2
0.989857759885	0.946951096011	44.3849006029	0.2
0.760875169637	0.776405086693	43.5946124104	0.2
0.849783707374	0.818926969342	43.6479485244	0.2
0.544141934143	0.373055631083	42.4777793879	0.2
0.853903926392	0.855365759975	43.5228391262	0.2
0.23040368963	0.263698919574	40.4786407089	0.2
0.202102250113	0.215353710418	39.8917091393	0.2
0.343382817184	0.353967389404	41.0696000865	0.2
0.236280671973	0.13811716069	40.8722840126	0.2
0.105266529505	0.0511585676416	38.5142025267	0.2
0.703657158578	0.767355659118	42.9792583869	0.2
0.549182082419	0.596526240703	42.3426549923	0.2
0.63330287768	0.6175258615	43.1192221396	0.2
0.587772745792	0.608431609264	42.6388354285	0.2
0.271390744173	0.294564919904	40.9395449498	0.2
0.661808488749	0.723065008331	42.9743938523	0.2
0.662123802186	0.75515509088	43.3159407964	0.2
0.751389543957	0.676909924811	43.4489567243	0.2
0.796984816627	0.774445774382	43.5889042118	0.2
0.114469629778	0.12456898524	38.5897836761	0.2
0.251038069989	0.339282451191	40.4272344769	0.2
0.632617006564	0.583147623684	42.9596526391	0.2
0.286523123323	0.307271236156	40.8329776619	0.2
0.650092383238	0.743890653437	43.0604062549	0.2
1.0189593468	0.985465801654	44.3491580926	0.2
0.969919088586	0.917465592475	44.0956965693	0.2
0.986435260726	1.01016310037	44.2573910362	0.2
0.425305641524	0.479774993278	41.7622618038	0.2
0.784176727323	0.820458680658	43.189415802	0.2
0.358596971579	0.340993451498	41.3770072327	0.2
0.245370235676	0.258881198505	40.402552384	0.2
0.369469582431	0.407020252051	41.5369714991	0.2
0.472209181314	0.423621744714	42.6081426511	0.2
0.650479855096	0.571848529507	43.0308256773	0.2
0.548185577586	0.58349175883	42.7809903586	0.2
0.724822698013	0.713382701389	43.5437910891	0.2
0.824335482956	0.779960688249	43.4472566941	0.2
0.296211866868	0.231887245172	41.3017163441	0.2
0.835893780134	0.831274343671	43.3832420991	0.2
0.405332981656	0.374678039805	42.0747235896	0.2
0.341458721262	0.318522669417	41.6446355691	0.2
0.631705325218	0.642099739734	42.9000654246	0.2
0.0781943496037	0.0181376452615	37.8464002188	0.2
0.438998723699	0.423583991515	41.8046887807	0.2
0.881483053793	0.916439667697	43.9932718289	0.2
0.402543428023	0.428197456417	42.0463773709	0.2
0.927590602897	0.998102276408	43.267708415	0.2
0.491841209353	0.464768748405	42.5077827943	0.2
0.721197194811	0.773757339366	43.4737550635	0.2
1.15877699726	1.13862219887	44.8595055804	0.2
0.500836904832	0.394928752583	42.2846515778	0.2
0.058623439304	0.0438724242288	37.4391363507	0.2
0.429037313831	0.482713554269	42.2483201734	0.2
0.468131286045	0.555721294293	42.299703252	0.2
0.16615975817	0.0864273445344	39.3877466255	0.2
0.62629403193	0.543708175005	42.6460924722	0.2
0.411173826447	0.462970990899	41.780354867	0.2
0.407022087693	0.427184187708	41.711052102	0.2
0.476712607223	0.488686113888	41.9749746626	0.2
0.606797728159	0.626246269223	43.0451919915	0.2
0.172007885563	0.134202564055	39.6052633975	0.2
0.555224454115	0.554293926316	42.4654540303	0.2
0.406498316601	0.385873343029	41.3973697483	0.2
0.306575586092	0.232988577357	40.8930656519	0.2
0.330109442703	0.360240836493	41.3644231751	0.2
0.859901016542	0.856970924144	43.9110390822	0.2
0.295357056322	0.328159311481	40.8627059317	0.2
0.630360545153	0.702621740255	42.5892710009	0.2
0.346457333548	0.367585595892	41.2159375532	0.2
0.210221336568	0.212939329883	40.0012005492	0.2
0.360666236309	0.404467927739	41.3895476422	0.2
0.565725335879	0.577181997847	42.8716413907	0.2
0.515365653607	0.420798082303	42.2556443436	0.2
0.207003094921	0.154413633878	40.0394304193	0.2
0.609694074927	0.65953954065	42.8479172509	0.2
0.195328539315	0.28026666516	39.8233856562	0.2
0.0645658141162	0.078231664323	37.2104800635	0.2
0.801913340519	0.751335231595	43.5553266565	0.2
0.861613139246	0.897536478632	43.6617610924	0.2
0.109476199838	0.141422130995	38.4937182453	0.2
0.917181501723	0.989601732211	44.1992110948	0.2
0.524955702118	0.630096444816	42.321873912	0.2
0.103038929428	0.0999894112765	38.1807129208	0.2
0.310062107812	0.301195430855	41.3362650333	0.2
0.476599807786	0.409828619826	42.2253705677	0.2
0.0226641239516	0.0224960828996	35.4882649352	0.2
0.356534076784	0.414342653096	41.4611587621	0.2
0.596963944917	0.62004533611	42.8633923333	0.2
0.199593018308	0.16195968882	40.0921050719	0.2
1.12290747511	1.03684680711	44.3617831962	0.2
0.710038669992	0.674260713459	43.3912172988	0.2
0.349015380563	0.253411134855	41.5151002054	0.2
0.243479427465	0.228784505128	40.3391479519	0.2
1.18859686972	1.3005861875	44.9296463886	0.2
1.03147654474	1.0858687748	44.2978306629	0.2
0.334309459099	0.344979992461	41.2291296083	0.2
0.326645297196	0.344876450788	41.4287421329	0.2
0.447166097693	0.492514866977	42.4330429896	0.2
0.799477209004	0.835910739689	43.3580720432	0.2
0.27175202668	0.311579793378	40.828727069	0.2
0.371387536775	0.360453754076	41.5345013924	0.2
0.599257667785	0.540790846352	42.6852679456	0.2
0.162359047001	0.142872536012	39.214404802	0.2
0.561655333914	0.553655623412	42.6641427945	0.2
0.115666741814	0.0771536458279	38.5808858232	0.2
0.737800639587	0.831844853846	42.9839989609	0.2
0.759670568379	0.601449762726	43.2029690899	0.2
0.655770818242	0.648926402959	42.8494836941	0.2
0.125527065403	0.0542567995279	39.0094137511	0.2
0.786238439832	0.869212609717	43.4176643752	0.2
0.446282416047	0.385731117975	42.3278379144	0.2
0.906357272333	0.868834391866	43.7382692873	0.2
0.941715677715	0.845402499061	43.8426335308	0.2
1.05659202866	1.01848478954	44.373565291	0.2
0.822254592137	0.735070634841	43.6998738945	0.2
0.618118511473	0.714020400148	42.9800424547	0.2
0.260555446191	0.0889412367435	40.5975600546	0.2
0.5027638211	0.472612017633	42.1195631937	0.2
0.140002260823	0.106683076979	39.3795375926	0.2
0.293633836156	0.267411420636	40.8098282672	0.2
1.15488935602	1.06651916708	44.2961386831	0.2
0.436376841071	0.425763019726	41.7119825544	0.2
1.32514380469	1.37231805422	45.4670450335	0.2
0.0926838764132	0.138019833209	38.2061113303	0.2
0.35603243027	0.372038539393	41.1630686128	0.2
0.54840419107	0.593563499718	42.1343173606	0.2
0.237498611906	0.265647466819	40.3586279293	0.2
0.434430053715	0.378000936489	41.8953795609	0.2
1.14639315595	1.25710878213	44.314037343	0.2
1.11783812858	1.13620954719	44.3023812347	0.2
0.453965001659	0.496326914227	41.8356870866	0.2
0.818611415027	0.760742451282	43.6532476377	0.2
0.152437255227	0.0656407147089	39.2871476403	0.2
0.608512273077	0.747785318784	42.5927811685	0.2
0.196475663237	0.192051193927	40.3731021278	0.2
0.253988162353	0.274708476531	40.3676581959	0.2
0.987901720663	0.93660103147	44.293228039	0.2
1.33465943708	1.30681076168	45.2381919845	0.2
0.582994358881	0.653720082368	42.7486061416	0.2
0.436951257358	0.451672027467	41.8354428118	0.2
0.58349102663	0.507508286989	42.7669107131	0.2
0.617324767581	0.643260793825	42.8724190051	0.2
0.987215183878	1.03874265203	43.7627096693	0.2
0.814741521227	0.766684719974	43.9476397922	0.2
0.545501292946	0.554264543223	42.5081824876	0.2
0.247720054927	0.318652285488	40.4618549086	0.2
0.256376207207	0.293613435461	40.914276399	0.2
0.569536341975	0.564114344956	42.4724765356	0.2
0.868832822192	0.842150451267	43.5357781627	0.2
0.296736020003	0.365787423443	40.8595832444	0.2
0.629766550017	0.54653289654	42.6629461783	0.2
0.699232288015	0.709536337611	43.1567583046	0.2
0.281066142148	0.238227160798	40.8192692257	0.2
0.180263342457	0.19860180263	39.8886380647	0.2
0.421622096856	0.329764013004	42.2220298231	0.2
1.20997063678	1.32139479807	44.790588848	0.2
0.98619859222	0.898416334649	44.0726779726	0.2
0.439206993009	0.484342439997	41.970405755	0.2
0.741200276382	0.775786165117	43.3860048835	0.2
0.268899888616	0.329601196057	40.9416111661	0.2
1.11118225139	1.13563151499	44.4720950947	0.2
0.389691132759	0.503651791304	41.7142607134	0.2
0.389139181895	0.339266455761	41.8930070666	0.2
0.229153160233	0.230147462847	40.4907354367	0.2
0.72785397863	0.809995770725	43.4484805222	0.2
0.32686530551	0.287272125433	41.1944650815	0.2
0.85333732796	0.8797399772	43.8271888788	0.2
0.467431207246	0.528054762272	42.4121927843	0.2
0.635712785438	0.813232697326	42.9650867304	0.2
0.0634680783368	0.0859580252603	37.0817827777	0.2
0.0881357308742	0.0767950867821	38.1405519594	0.2
1.20402868976	1.28814964017	44.5794968539	0.2
0.759442299779	0.649210854747	43.6102503684	0.2
0.227560409724	0.260210336248	40.3124756448	0.2
0.492338176885	0.490184792522	42.4088379017	0.2
1.37627376085	1.21351532556	45.0083081101	0.2
1.13786932281	1.18387812135	44.6981157103	0.2
0.120391226064	0.109011322857	38.6660455524	0.2
0.0884121480302	0.0834763722304	38.4721112216	0.2
1.38109454032	1.29531923941	45.2340399387	0.2
1.24191184414	1.29043728305	44.7194808705	0.2
0.326637241051	0.343588660447	40.9177071298	0.2
0.554226407689	0.537930016997	42.4187655126	0.2
0.601534185932	0.582143520355	43.1351333531	0.2
1.30383977092	1.34870931887	44.7833729461	0.2
0.0698332684689	0.0189852179971	37.8065967382	0.2
0.374646647163	0.372265313492	41.859064203	0.2
0.152844534118	0.167577010778	39.4354135427	0.2
0.851756393243	0.734537146538	43.4637963074	0.2
1.03811314662	1.08672668824	44.2980171148	0.2
0.554130156131	0.65643528758	42.4434065124	0.2
0.319130443276	0.335194647976	41.5116739852	0.2
0.940270009501	0.908285889363	43.9786365361	0.2
0.57818744002	0.609621919722	42.7228296331	0.2
0.947325268042	0.90819876629	44.0548779222	0.2
0.657093202545	0.687495037318	43.156751916	0.2
0.572766423279	0.659189492892	42.727629449	0.2
0.905036392845	0.918156900302	43.9104387739	0.2
1.11382602938	1.12085749007	44.3172395999	0.2
0.5386823478	0.547963919535	42.2435777475	0.2
0.100230410783	0.089960612865	38.4130751563	0.2
0.108301995982	0.139152232689	38.7086304647	0.2
1.05590811643	1.18772950934	44.4704009501	0.2
0.148241476539	0.175303508223	39.1585792581	0.2
0.568796692201	0.456539733846	42.2226415865	0.2
1.05458170801	1.05453426012	44.4053308945	0.2
0.18698205082	0.106005238485	39.9733706871	0.2
0.487235569576	0.480976122094	42.1628696451	0.2
0.305576230947	0.340135172034	40.9534983056	0.2
0.849779486736	0.902126644952	43.4452849904	0.2
0.5623913027	0.541333464887	42.5709067643	0.2
0.923342299142	0.909737683895	43.9714456686	0.2
0.469088893349	0.463933572069	42.4594998412	0.2
0.895172548029	0.83426308696	43.7144916948	0.2
0.160075755028	0.0595004479781	39.5694970682	0.2
0.796894360844	0.731021162302	43.3572288651	0.2
0.745625138168	0.90342621102	43.5946102972	0.2
1.27258887752	1.36633272929	44.5110648841	0.2
0.106645905876	0.121512554709	38.3411133732	0.2
0.542919218919	0.525235829723	42.7135171878	0.2
0.173770637605	0.0772892783791	39.648628333	0.2
0.534222640357	0.519247152151	42.4113220231	0.2
0.939928978551	1.03128261451	43.6878805552	0.2
1.07559276428	0.941898476464	44.5924834967	0.2
0.470178872659	0.47133443935	42.060577091	0.2
0.434055283731	0.520334047168	42.0697030261	0.2
0.800142910557	0.893986685247	43.5337323027	0.2
0.431665172705	0.451421794354	41.9566765577	0.2
0.530676149488	0.442524897667	42.4343228891	0.2
0.210315382131	0.250343833669	40.4768776884	0.2
0.211406474479	0.189873295351	40.3325140455	0.2
0.394011058843	0.393738018561	41.3691700433	0.2
0.854463419119	0.838479441706	43.8237667781	0.2
0.637633975612	0.679323748661	42.8077403823	0.2
0.691443520034	0.655788666559	42.86326605	0.2
0.631249973426	0.763601275972	43.0321273277	0.2
0.427291122142	0.470191202031	41.8279304118	0.2
1.25124857477	1.15452304574	44.5284578179	0.2
0.587046095459	0.466089502789	43.0703081427	0.2
0.186829912066	0.163450033616	39.8697917529	0.2
1.08369824316	1.18415677066	44.1510555658	0.2
0.234337812501	0.276646349527	40.0842522007	0.2
0.420431392017	0.501430973325	42.0696523914	0.2
0.876111150777	0.888868976549	43.5630966406	0.2
0.678204083515	0.702681334944	43.2971946842	0.2
0.407912761887	0.452562506608	41.8780644301	0.2
1.31640799416	1.47407267752	44.9473320969	0.2
0.887729841587	0.840257508104	43.9147565059	0.2
0.942731484649	0.822694352963	43.6637976128	0.2
0.696430235384	0.676673335197	42.6743549616	0.2
0.156430389144	0.154056160948	39.4390646032	0.2
0.106609731239	0.019777678132	38.6148342247	0.2
1.02691106166	0.975694742079	44.0951750701	0.2
0.0676811477781	0.105660270408	37.746578449	0.2
0.317393273532	0.337226940376	41.0158628718	0.2
0.265129465465	0.20927424619	40.6395365246	0.2
0.606908868942	0.650500817645	43.0470841671	0.2
0.746618268795	0.729755294951	43.423746872	0.2
0.805145777371	0.871888578331	43.8519677337	0.2
0.365843891988	0.397745096351	41.3054586976	0.2
0.274288888087	0.314645523725	40.7906656217	0.2
0.134316855331	0.147628692495	39.0075199151	0.2
1.06122809647	0.950122171814	44.2871299715	0.2
0.998875869911	0.962912455526	43.8568857296	0.2
0.615886739302	0.673609495548	42.6541556135	0.2
0.300076037269	0.26550544958	41.2691295688	0.2
0.497919082568	0.54538872093	42.3704235576	0.2
0.912541143934	0.824745701068	43.9822404406	0.2
0.528190693501	0.483991495862	42.3539725434	0.2
0.184111278426	0.118455143176	39.8438567129	0.2
0.316927529346	0.289407663347	41.1778394148	0.2
1.22427927813	1.20070358232	44.4957168621	0.2
1.04569554303	0.992302509598	44.2874221487	0.2
0.171361464956	0.174524513761	39.6439188517	0.2
0.806565476539	0.836593929444	42.9616708253	0.2
0.646806158217	0.672585606826	42.7920167967	0.2
0.291709069199	0.258622227801	41.1492918509	0.2
0.355723877475	0.384392558071	41.1721669775	0.2
0.593403648347	0.565923699044	42.8666860242	0.2
0.68620376049	0.60502809957	43.000701364	0.2
0.320030075177	0.479901274995	40.9478942165	0.2
0.132360863873	0.109952206504	39.0048913572	0.2
0.189699095192	0.1876835061	39.7008130326	0.2
1.04491710142	1.07794534219	44.4900340142	0.2
0.443969321325	0.429811755701	42.1185058566	0.2
0.376408232051	0.346448275379	41.8859351588	0.2
0.179826136029	0.267480029731	39.5827616329	0.2
0.498317574622	0.545244218624	42.0328377999	0.2
0.359487544756	0.303754957254	41.5851677663	0.2
0.726586881952	0.720557345007	43.1996373913	0.2
0.670550915481	0.633643543744	43.4684048325	0.2
0.489573147574	0.513114841483	42.4709504328	0.2
0.308385517241	0.126212173565	41.334882051	0.2
0.217315258212	0.150748748582	40.1677400159	0.2
1.04368099001	1.09139329834	44.2067561412	0.2
1.01942433689	1.05902796605	44.1991987266	0.2
0.947190380678	0.835884828058	44.2650373109	0.2
0.358315512552	0.304087157324	41.5869267596	0.2
0.653769541595	0.644991480653	42.9091380455	0.2
0.0947710235077	0.165592032799	38.0621034042	0.2
0.298438855491	0.268838764227	40.7535117505	0.2
0.485453188023	0.511457814449	42.1277826541	0.2
0.653077442888	0.546639735483	43.1792205561	0.2
0.354305639687	0.276930067689	41.7731297203	0.2
1.32091605263	1.459296204	44.9766487716	0.2
0.179874034356	0.109642111451	39.8258197454	0.2
0.936312135569	0.872030551272	44.0322512628	0.2
0.254134196418	0.202802045688	40.5918470153	0.2
1.39289798664	1.38922732753	45.2836665974	0.2
0.265200886658	0.222405653009	41.0182431049	0.2
0.51545795751	0.592561234918	42.4287924346	0.2
0.161037402731	0.150256641462	39.3282383668	0.2
0.0882087330485	0.094010820275	38.3234196884	0.2
0.904654971224	0.739861266707	43.8000221907	0.2
1.26534704324	1.30255852784	44.9589455269	0.2
0.952968548573	0.991056430743	43.9451017135	0.2
1.12816827102	1.11014170657	44.400280974	0.2
1.00866050101	1.0819649918	44.4306732508	0.2
0.652028896637	0.619225798753	42.7899811494	0.2
0.72370470576	0.812831864988	43.2742534353	0.2
0.443187164058	0.493079017483	42.1133996221	0.2
0.16791038106	0.144168719019	39.8941916638	0.2
0.665510641362	0.777063702051	43.6322197413	0.2
1.15793052934	1.13753244875	44.4306397747	0.2
0.252422447746	0.337240345587	40.9019477008	0.2
0.351508914533	0.378633214376	41.8464001434	0.2
0.16612554344	0.135072220082	39.4680373586	0.2
0.521174153672	0.578703272358	42.4475450931	0.2
1.07822569317	1.19553939718	44.7341220684	0.2
1.25757676241	1.29231414984	44.9039400829	0.2
0.741149386015	0.632940291412	42.9781125689	0.2
0.234409911933	0.203136646559	40.4168038273	0.2
0.805055420561	0.893458499819	43.316488666	0.2
0.60570773061	0.511956127696	42.8464718147	0.2
0.442492575555	0.445411763703	41.9974506801	0.2
0.946292471309	1.02779186728	43.9763415098	0.2
0.0700885814841	0.0614567258421	37.7361041374	0.2
0.54248814472	0.366253391914	42.5896613676	0.2
1.19545023136	1.19242239956	44.4992105494	0.2
0.163524787676	0.187442523753	39.8070771671	0.2
0.0937394556943	0.0390113057981	38.2857703388	0.2
0.906792209362	0.892419691769	44.0338899447	0.2
0.43209910435	0.46620363092	41.5807764189	0.2
0.962246021179	0.905950834394	44.1345305294	0.2
1.35551738494	1.33499630038	45.0113297596	0.2
1.35199730944	1.53219046621	44.7522250119	0.2
1.1265601464	1.18900056502	44.709379682	0.2
0.505682145044	0.542656507063	42.1384214183	0.2
0.498718716082	0.461381524921	42.2375832773	0.2
0.751621035463	0.668527789736	43.4356573751	0.2
0.250220774858	0.338922168112	40.9205998602	0.2
0.244506849975	0.281572626356	40.2908766339	0.2
0.35185964208	0.338300811485	41.3559121184	0.2
0.385233684204	0.382452892226	41.5549185641	0.2
0.569412863088	0.573604485318	42.6493745926	0.2
0.263984694096	0.224524435601	40.6089577134	0.2
0.5494241558	0.507757618712	42.6677402801	0.2
0.347613012332	0.356343447119	41.0482888757	0.2
0.653414644598	0.560561669805	42.7135768315	0.2
0.162174666243	0.183866365013	40.1715154584	0.2
0.376058518826	0.39815857059	41.7709674496	0.2
0.88227681669	0.937466764389	43.489413896	0.2
0.844938098426	0.757746940412	43.4446851095	0.2
0.586363853931	0.491078178448	42.5341650045	0.2
1.07152939222	0.981786591822	44.2957658351	0.2
0.191174041208	0.114955582107	39.8213344415	0.2
0.178532524995	0.135600797235	39.5649973488	0.2
0.32748974846	0.255247087126	40.9249412324	0.2
0.706167249436	0.679542811091	43.2617632437	0.2
0.944728467972	0.938373808583	43.8179065978	0.2
0.170217428679	0.105558677615	39.5939042878	0.2
0.755696469527	0.846852318579	42.9883145852	0.2
0.0799265118991	0.0134184009238	38.1521619587	0.2
0.4845886037	0.505233133579	42.0590891684	0.2
0.524200689537	0.543602266715	42.6577985227	0.2
0.554914111036	0.590845921418	42.632358052	0.2
0.888611274327	0.902114261458	44.1483416565	0.2
0.861319021608	0.894765514895	43.8836740789	0.2
0.465174673583	0.575205355685	42.1858833269	0.2
0.582639245197	0.63673614866	42.6984544058	0.2
0.268696010591	0.351112516551	41.0423877522	0.2
0.330964618448	0.282606321329	41.3296122322	0.2
0.700409222646	0.670303710753	43.3191128276	0.2
0.433176619604	0.45094207622	41.6712645883	0.2
1.10878970802	1.20898653601	44.343626037	0.2
1.02646370833	1.02996551902	44.112172813	0.2
0.44179170892	0.427839961961	42.0135701425	0.2
0.876185142482	0.961247427915	43.6268607799	0.2
0.0438853052956	0.110578650188	36.6553095343	0.2
0.674977772464	0.657103251232	42.8694167293	0.2
0.261641427733	0.263951502682	40.8971679813	0.2
0.796141426228	0.708766447958	43.4912444254	0.2
0.813655665383	0.818307730869	43.5131983855	0.2
0.842764606325	0.750843005288	43.4060714119	0.2
0.393561360883	0.357651373203	41.5086554905	0.2
0.985562305347	1.07100796791	44.0626007709	0.2
0.0367276005528	0.0440317872268	36.3397157351	0.2
0.51990247709	0.592472262038	42.4890194213	0.2
0.115895098446	0.134525296322	38.761379253	0.2
1.23973544092	1.36252595206	44.7804756394	0.2
1.15239205499	1.05798070484	44.3709298072	0.2
0.303921591311	0.314623184348	40.7971054903	0.2
0.531518591472	0.523704112441	42.7441246638	0.2
0.391589035835	0.469175766032	41.5267283336	0.2
0.579677246055	0.576437334892	42.7074150519	0.2
0.667459114603	0.631739428425	43.0545733122	0.2
1.19971508746	1.30085995905	44.7255439538	0.2
1.27564052289	1.30276815691	44.737679219	0.2
0.239321753366	0.226933220882	40.7304229314	0.2
0.370256464156	0.401106753898	41.4319763253	0.2
1.24182631173	1.13262673899	44.7018719296	0.2
0.521705308595	0.595557016345	42.5663714649	0.2
0.516489665998	0.507483742553	42.4745388001	0.2
0.381698543052	0.363226087777	41.8189706145	0.2
0.233405664827	0.205490781573	40.0737319362	0.2
1.37278955281	1.41395029293	45.0377841306	0.2
0.382444835036	0.352763947197	41.4619689307	0.2
0.889497648842	0.795158239269	43.9778182923	0.2
1.01991621924	1.0562059498	44.4360241429	0.2
1.39676531215	1.45707029706	45.0477253363	0.2
0.653944329908	0.593599934712	42.8569682148	0.2
0.927938014707	1.02785166624	43.6747815065	0.2
1.37502466043	1.28016328676	44.9002292535	0.2
0.598023377434	0.527182035123	43.062898562	0.2
0.725700067129	0.721164385484	43.0933018088	0.2
1.043856893	0.918940872869	44.2555500259	0.2
0.484217172002	0.392498245379	42.107763833	0.2
1.06236669936	1.13452250932	44.0940603216	0.2
0.402141294213	0.522016084191	41.4649781581	0.2
0.654535414032	0.709402578707	43.121814388	0.2
1.02839687552	0.952371616155	44.1531903614	0.2
0.91240862057	0.788767055523	43.6387660035	0.2
1.23785146802	1.31009493974	44.9849969341	0.2
0.855145059169	0.829884352121	43.5966138995	0.2
1.03561268842	1.04789378383	44.368417403	0.2
0.757539026546	0.839674542756	43.5754695224	0.2
1.22196655426	1.15713848817	44.5891772578	0.2
0.39353692596	0.400872789019	41.8014496376	0.2
0.675836170603	0.776908971563	43.1924041685	0.2
0.587399683635	0.622618641517	42.9609540406	0.2
0.206541331097	0.209903868187	40.0458737122	0.2
0.298087672385	0.232770740315	41.1066200861	0.2
0.174067939018	0.101133944657	39.5190252734	0.2
0.427771215566	0.429404601525	41.8031306973	0.2
0.947061362899	0.853534692709	44.1294265589	0.2
1.03029081315	0.979554556935	43.8800365252	0.2
1.24903935169	1.20574886356	44.4403132088	0.2
1.2903827827	1.27886466641	44.7141073892	0.2
0.315917569662	0.268718166151	40.9701827305	0.2
0.349311697035	0.38208102732	41.2266220848	0.2
0.333992567069	0.395957311609	41.1540264198	0.2
0.68788818558	0.648211829072	43.1830071836	0.2
0.255529161498	0.275872663394	40.5965956194	0.2
0.66540636838	0.768160000997	42.895868622	0.2
0.0213556814599	0.0242763268802	35.0236799108	0.2
0.401062697219	0.45898995954	41.8198651886	0.2
0.846492048254	0.920570395902	43.4773999433	0.2
0.649655867921	0.699151680107	43.2077818267	0.2
0.779434618684	0.746463941435	43.1983249232	0.2
0.363156646077	0.326968033797	41.6358585939	0.2
0.423144838961	0.354130686447	41.9392893308	0.2
0.520763253679	0.367312232758	42.6752925642	0.2
0.702954407439	0.68062506798	42.9293066375	0.2
0.43662665074	0.41807383909	41.8360155872	0.2
0.220661846472	0.290963266155	40.4888246188	0.2
0.560639159151	0.544108690349	42.4882083233	0.2
0.467544566718	0.479899991424	42.0927083605	0.2
0.801629825744	0.768633416972	43.4049201032	0.2
0.674212034202	0.685174525468	43.6151417262	0.2
0.915154232866	1.08794417376	44.0096913923	0.2
0.340673024162	0.256972266338	41.5110171182	0.2
0.558418032793	0.637380499615	42.5000226873	0.2
0.764709533251	0.820153611373	43.6292842241	0.2
0.405743812547	0.460659218003	41.511208768	0.2
0.776406495338	0.820076900819	43.7390673674	0.2
1.09786794613	1.10787066418	44.5576929765	0.2
0.918338605672	0.940234307852	43.8511828209	0.2
0.27664054583	0.267264959317	40.9886967956	0.2
0.676471811606	0.773728211831	43.232820982	0.2
0.880754159937	0.961520844859	43.7922973075	0.2
0.835302355849	0.868786634884	43.6606922983	0.2
1.24524794895	1.22459140369	44.9053418325	0.2
0.57957061199	0.644553714903	42.776349434	0.2
1.1063869425	1.00720569226	44.4632994229	0.2
0.0286145721324	0.0475947340645	35.782998101	0.2
0.200492712045	0.194216215903	39.8187955065	0.2
0.525743523165	0.512226361059	42.2016990365	0.2
1.05172787357	0.968405974586	44.1799826439	0.2
0.482863410173	0.448686019974	42.1659724641	0.2
0.452596874421	0.578267598749	42.5909286599	0.2
0.606425517697	0.551725802368	42.9001384756	0.2
0.349491073736	0.390201808846	41.6892979538	0.2
0.775581158296	0.745871238147	43.4821437649	0.2
0.277779007346	0.288320541563	40.952621737	0.2
0.511447935683	0.542652816392	42.4843824569	0.2
0.470687379903	0.449183775405	42.285517292	0.2
1.09340988232	1.02818602278	44.1753218161	0.2
1.1601389609	1.16185920303	44.4492693857	0.2
0.564561884217	0.622619608854	42.8529835664	0.2
0.365101662707	0.347396976443	41.1724290425	0.2
0.849709594878	0.850181321178	43.7862581944	0.2
0.950853715927	1.0060243361	44.0616900758	0.2
0.659471666941	0.614753628486	42.9985331031	0.2
0.589940514658	0.570247484058	42.5229880133	0.2
0.404922301246	0.472458124887	41.8733400147	0.2
0.789316359095	0.618479393663	43.5470655241	0.2
0.637230255055	0.622665200304	42.955538075	0.2
0.75115328743	0.697275935992	43.6395954973	0.2
1.11085354967	1.28397853662	44.5414347239	0.2
0.3199479652	0.311237799912	41.1107280939	0.2
0.437581551462	0.548463282434	41.9129309074	0.2
0.521356117911	0.399111930383	42.0545523069	0.2
0.235081174675	0.30523948713	40.6274075026	0.2
0.419039919057	0.358940775636	41.9212396372	0.2
0.823295180124	0.858783614205	43.6311348648	0.2
0.432419466076	0.392107092361	41.5916830784	0.2
0.559031412735	0.654274377453	42.6614630526	0.2
0.112303029069	0.216783111019	39.1347285397	0.2
0.408931982418	0.33412593822	41.9200562239	0.2
0.328031878929	0.432503068991	41.3454066049	0.2
1.37465609582	1.32296344764	45.1470906629	0.2
0.593849966704	0.508285851492	42.7246465568	0.2
1.07269253288	1.26965536966	44.1899805544	0.2
0.38391402732	0.349936164429	41.6771937799	0.2
1.07463627156	1.13243327867	44.0773867237	0.2
0.0565424109404	0.0546635448669	36.944150317	0.2
0.992482305364	0.99788213279	44.2075887772	0.2
0.616172470461	0.575144467138	43.0942433333	0.2
0.317113082288	0.255633389526	41.2689546791	0.2
0.721850124117	0.654431215826	43.4171465567	0.2
0.769682550601	0.753237046143	43.2312441548	0.2
0.0936738722427	0.150571849672	38.5120567239	0.2
0.224690393177	0.236785054578	40.1291980765	0.2
0.367741748834	0.356908439337	41.5391353341	0.2
0.687653177843	0.644368525349	43.1657624598	0.2
0.213200373137	0.17267964291	40.3117834073	0.2
0.649239588037	0.669493734346	42.8737241696	0.2
0.14865540132	0.174298426133	39.1278829513	0.2
1.28481771526	1.35335282384	45.101404924	0.2
0.611086327913	0.742881526531	42.9309109822	0.2
0.944578224068	1.02875310805	43.8821568375	0.2
0.435428496816	0.366817360885	42.0780140608	0.2
1.1362250775	1.29129572711	44.0864212548	0.2
0.252536984463	0.278739147205	40.6926176983	0.2
0.892412972391	0.732961091233	43.576202385	0.2
1.33621758786	1.3513827774	44.8433523773	0.2
0.0910718798271	0.116137156572	38.0100129419	0.2
0.294012714613	0.233342851693	40.7836468882	0.2
0.0956681998568	0.101612983842	38.4057282295	0.2
0.687132788277	0.698797902522	43.4868414738	0.2
0.39628253072	0.370905584204	41.6432864404	0.2
0.294606433522	0.414784614011	40.5882236675	0.2
0.248074894269	0.279763210882	40.4701954691	0.2
0.523564508283	0.449506057682	42.3008323184	0.2
1.17986366211	1.20750118198	44.41821893	0.2
0.249182251745	0.325747678692	40.7399417565	0.2
0.152518448351	0.149736081239	39.5994877504	0.2
0.73275287181	0.714327349427	43.3638054993	0.2
0.409995863197	0.411914370262	41.9097836687	0.2
0.153068454508	0.155393650055	39.2770914666	0.2
0.288082726069	0.29165358777	41.0829857733	0.2
0.366723335229	0.329779075887	41.4264601253	0.2
0.604576848213	0.651838720662	42.7896770835	0.2
0.591568448407	0.507236301826	42.9321468347	0.2
0.818820646848	0.802592114815	43.4465526763	0.2
0.719347219036	0.770539062091	43.1280588575	0.2
0.522169030423	0.577008581721	43.0793771922	0.2
0.263149640604	0.319053013937	40.782002762	0.2
0.925252923065	0.871944389897	43.7375906371	0.2
0.822993448774	0.744647896345	43.6300708095	0.2
0.0839792903627	0.114084588052	37.9103192547	0.2
0.531527155313	0.583688808326	42.6256756148	0.2
0.182981306649	0.205577037158	39.8929535785	0.2
0.787421994408	0.751409320231	43.6015697295	0.2
0.165149427335	0.224303896944	39.7506188859	0.2
0.169779693076	0.119454455782	39.5829139251	0.2
0.43142677594	0.461291595383	41.7933075458	0.2
0.145324053077	0.21617365346	39.302151929	0.2
0.739061028038	0.813607067158	43.2798582933	0.2
0.882579728279	0.746542723036	43.7026920071	0.2
0.935334825654	1.03276914182	43.8822874918	0.2
0.198083822123	0.258784390723	39.9844058115	0.2
0.100132733108	0.0660605949613	38.4178925672	0.2
0.377144726447	0.365927570432	41.671941623	0.2
1.31899483782	1.3458766558	44.6759018415	0.2
0.700968444952	0.570286898924	43.5080180285	0.2
1.01069668728	0.976950272342	43.6549396126	0.2
0.951715155145	0.902248504473	43.5225187509	0.2
0.292949742811	0.287727665028	41.2153463276	0.2
0.47363862904	0.442795792212	42.2658568417	0.2
0.275374360053	0.330059543707	40.8326305319	0.2
1.03287198636	1.1578492482	44.0670125081	0.2
0.600021624102	0.628989111049	43.2379698047	0.2
0.528854284603	0.57524547759	42.5916020546	0.2
0.826156613245	0.914048649309	43.6591902483	0.2
1.04208384267	1.15071108736	44.3636176656	0.2
0.891774682246	0.791078668924	44.1107604491	0.2
0.766368022585	0.782531486398	43.5763963175	0.2
0.308415973924	0.351642325271	40.9627987412	0.2
0.558151607895	0.59163347357	42.3798582622	0.2
0.982458162397	0.981597867095	43.9132098524	0.2
0.274730604323	0.24092008165	41.0638139215	0.2
0.368240384059	0.329707507716	41.4114848917	0.2
1.02330392967	1.09389285901	44.0452783873	0.2
0.329718503462	0.292528300736	41.6408919908	0.2
0.878820318247	0.932808318607	43.7138829299	0.2
