#z_true 	 z_2 	 mu 	 sig_mu 
0.347162695068	0.286415671843	41.6333264679	0.2
0.641075347042	0.602018945447	43.4230115319	0.2
0.98577895416	1.14324563065	44.0300161288	0.2
0.76998773259	0.910111198389	43.3328629152	0.2
0.315966050085	0.490973070556	41.5422023551	0.2
0.0827998727154	0.0811619866003	38.0060693016	0.2
0.260585025394	0.292615914658	40.654022145	0.2
0.665521981369	0.765198151472	43.0764957509	0.2
0.993653634776	0.871563660051	44.3136161686	0.2
0.278254870202	0.369665085886	40.6325205262	0.2
0.469632189037	0.398108532982	42.4160837774	0.2
0.159016272654	0.069023366835	39.3083052168	0.2
0.491227938105	0.440316332073	42.4894331102	0.2
0.549214861653	0.609590987587	42.3131839581	0.2
0.951455137571	0.849003817601	44.0727146592	0.2
0.658348042843	0.760943353211	43.2754284342	0.2
0.803996090597	0.817083067574	43.6650784667	0.2
0.921481233613	0.992545184742	43.7750983867	0.2
0.159725604888	0.0971151068873	39.5379438186	0.2
0.505735030708	0.600327331251	42.4024093777	0.2
0.588839812824	0.706658779265	42.917309008	0.2
0.134920147574	0.239906922125	39.1281279848	0.2
0.774475570828	0.927746534253	43.4974003224	0.2
0.496145420391	0.64883400771	42.5729075405	0.2
0.436462191397	0.565640235479	41.9305052427	0.2
0.663362258376	0.805366012425	42.9693797243	0.2
0.413357560124	0.564417689523	41.4484626086	0.2
0.247296604703	0.260768801613	41.025779933	0.2
0.173921509259	0.200137210326	39.5382256901	0.2
0.371535226002	0.180191108255	41.5780182843	0.2
0.0430008324182	0.119282999147	36.3252760514	0.2
0.214518734106	0.221315836384	40.3432822585	0.2
0.643270450479	0.735391372627	42.7711365685	0.2
0.457247411906	0.453808368899	42.0295466567	0.2
0.805705295901	0.822892166797	43.4443398165	0.2
0.410900552696	0.388749128506	41.6589283743	0.2
0.820745997449	0.790568086245	43.7571976944	0.2
0.544437549878	0.509148469475	42.3046327724	0.2
0.122170840247	0.310012592299	38.7846629247	0.2
0.385977648734	0.308683911946	41.2749756329	0.2
0.614056640411	0.690788514368	42.8181179628	0.2
0.11504664929	0.0905101070219	38.5199258661	0.2
0.735931749743	0.626361899263	43.4839229147	0.2
0.345801949475	0.305229719829	41.4081484811	0.2
0.867857354056	0.782977286338	43.8613886041	0.2
0.212790699583	0.0987377401589	40.1804291038	0.2
0.55617199702	0.67344294924	42.0914545053	0.2
0.486171587512	0.308708395872	41.9780841699	0.2
0.421458681786	0.469295498967	41.9091951517	0.2
0.242592855987	0.364596881245	40.5243342753	0.2
0.100536755045	0.206548845856	38.4587716288	0.2
0.381726300171	0.327017403344	41.6641446108	0.2
0.284719553698	0.039953924215	40.6803623885	0.2
0.453729019561	0.455146350964	42.1276734717	0.2
0.354681532999	0.167193385247	41.4352063536	0.2
0.990601922032	0.930799585992	44.368177863	0.2
0.269580599024	0.171659393268	40.5763882301	0.2
0.570388435123	0.535428970054	42.8415491293	0.2
0.232234850384	0.446701192925	40.4973955226	0.2
0.220324327726	0.191010783461	40.4738709782	0.2
0.492338697287	0.550659086559	42.4054303396	0.2
0.656776347593	0.700775258335	42.8912547065	0.2
0.875554787799	1.07519536717	44.0353157681	0.2
0.260785908622	0.273164333674	40.5880511161	0.2
0.746471182182	0.671242969621	43.0888853628	0.2
0.41973013932	0.439861413315	41.6799886634	0.2
0.668772294966	0.503557290748	42.9327589247	0.2
0.985741586126	1.01844558254	44.0451391063	0.2
0.683156599847	0.7052971214	43.1872084459	0.2
0.861936461336	0.808805798518	43.3371727736	0.2
0.0927222954385	0.0991395403949	38.2310651381	0.2
0.562506343178	0.498381082398	42.6652909168	0.2
0.54342308467	0.513922810702	42.6127914347	0.2
0.646883886098	0.51581723472	42.9928237414	0.2
0.346211146183	0.52397804654	41.1404463983	0.2
0.842770665466	0.77879491194	43.6741660343	0.2
0.358226132116	0.251732361023	41.7177405486	0.2
0.792136180756	0.655511304235	43.4643528445	0.2
0.229279832453	0.303892974546	40.1761585764	0.2
0.838165144412	0.894332065392	43.6235957759	0.2
0.638930683222	0.624362006606	42.8236658954	0.2
0.218267544858	0.0931262562367	40.0336830152	0.2
0.711654573051	0.730540705436	43.4179834814	0.2
0.527901436618	0.6712083904	42.4116707159	0.2
0.669909379636	0.578655198269	43.0352171362	0.2
0.572077877521	0.701570900727	42.6526226653	0.2
0.604296474445	0.630521114453	42.7649044706	0.2
0.236626497357	0.234557353701	40.3089760397	0.2
0.657036352334	0.813182128216	43.0034109104	0.2
0.747475282715	0.884776062858	43.2742305726	0.2
0.879460444177	0.782826305009	43.4361905914	0.2
0.056318782076	0.127920830975	37.0985866597	0.2
0.618478276356	0.798732936273	42.9690221871	0.2
0.882020120907	0.926376802158	44.1126889272	0.2
0.952691863723	0.880581919459	43.6351241747	0.2
0.851370628577	0.768149293857	43.7767000531	0.2
0.902898054004	0.856499901295	43.8404534111	0.2
0.739184239972	0.576950268946	43.2328826756	0.2
0.892225774906	0.937215817129	43.9087483737	0.2
0.575932156648	0.66808741533	42.8963778499	0.2
0.914183532114	0.875763929174	43.8863565123	0.2
0.516550481529	0.53227760931	42.2330122633	0.2
0.853796823332	0.743537148417	43.464733258	0.2
0.837926749601	0.791794545247	43.6038154954	0.2
0.70805211309	0.531447010755	42.9977316292	0.2
0.0645369313157	0.0717563101926	37.3877351695	0.2
0.684622556985	0.749947987349	43.2793852306	0.2
0.254212707259	0.174677996754	40.5885900028	0.2
0.667368467142	0.532671022992	42.8780879019	0.2
0.328270030999	0.267911997231	41.2995140029	0.2
0.993106000294	1.0709543992	44.1113870742	0.2
0.636199364063	0.667657690743	42.9696672358	0.2
0.563048207043	0.528644596535	42.6280284296	0.2
0.178323492764	0.184738997862	39.5007266003	0.2
0.238210878712	0.0902012538295	40.2234366881	0.2
0.292206616777	0.354221678035	41.0080682405	0.2
0.55979038636	0.696366254472	42.8829417061	0.2
0.600626224307	0.559952226766	42.8751166355	0.2
0.910508849086	0.797011355494	43.9077156785	0.2
0.619896171616	0.70145943092	42.7406469284	0.2
0.616399759511	0.738974313667	42.824948925	0.2
0.365084766829	0.218810461068	41.4910092047	0.2
0.492129014689	0.544468545766	42.3212065458	0.2
0.1435522073	0.22200685372	39.4073914152	0.2
0.472278826689	0.429791504022	42.4328076791	0.2
0.579990675632	0.601649172828	42.9224680048	0.2
0.507198342557	0.304395125526	42.4713152113	0.2
0.813254861932	0.8169879368	43.7622099933	0.2
0.480212387761	0.420266574871	42.3760156594	0.2
0.700624417507	0.679213372133	43.4206659579	0.2
0.165999805888	0.0261880409453	39.7611476977	0.2
0.70543789326	0.667526716238	43.462579311	0.2
0.520464411478	0.524227083713	42.4030968769	0.2
0.256289139513	0.216171891059	40.2316468775	0.2
0.0749633903096	0.0528766995667	37.6963283561	0.2
0.076533575431	0.273259015735	37.7714200535	0.2
0.782389345255	0.696516700916	43.5859535536	0.2
0.977881980519	0.983089973728	43.8674029056	0.2
0.522542974204	0.539569042144	42.8113399381	0.2
0.645564182385	0.741398353461	43.0120608221	0.2
0.743094784978	0.689757265292	43.1786675784	0.2
0.132522646965	0.0247619527873	38.6066435276	0.2
0.661628302805	0.791684120846	42.9396489233	0.2
0.0198784583302	0.0714243688406	34.7832288492	0.2
0.871319616563	0.936767217811	43.8920254231	0.2
0.513702568702	0.554066216667	42.5988624563	0.2
0.312557550422	0.213591474197	41.1217782908	0.2
0.172740501978	0.0586024336144	39.8461151287	0.2
0.772213347117	0.754499430592	43.6759991168	0.2
0.732632236256	0.770816306468	43.5730426223	0.2
0.274251331925	0.212106085071	40.7974277226	0.2
0.201579134978	0.358095439679	39.9479519613	0.2
0.653236189117	0.814364004062	42.9769719857	0.2
0.270197642601	0.353118706856	40.7668988854	0.2
0.440694991393	0.556796111506	41.9337944046	0.2
0.0723210894548	0.132564187251	37.6410456101	0.2
0.864513286649	0.880158532406	43.8154344816	0.2
0.441653982485	0.381535295819	41.9635236332	0.2
0.50098645763	0.497382159539	42.6298426446	0.2
0.610428312096	0.667993889536	42.1921597325	0.2
0.774142892583	0.666531122885	43.4344369383	0.2
0.772006668933	0.83653116604	42.8363013876	0.2
0.578506447397	0.467186334923	42.4787138641	0.2
0.596240016069	0.45707003241	42.690760467	0.2
0.829211126115	0.664286145049	43.7390823949	0.2
0.562562530048	0.472698052872	42.3910168494	0.2
0.132411605874	0.0160287420853	38.6205600409	0.2
0.213225079605	0.0662339953114	40.232924805	0.2
0.728747524424	0.90488902556	42.5105211003	0.2
0.444053002253	0.324516721357	41.998565493	0.2
0.151249414108	0.181423111554	39.3776883905	0.2
0.260166838661	0.274456739357	40.5828232377	0.2
0.706559212167	0.650521627036	43.5060969321	0.2
0.361809196889	0.323330718378	41.7061653151	0.2
0.218444716265	0.0873965801713	40.6887434332	0.2
0.814196301373	0.794647689804	43.4702516418	0.2
0.31216483459	0.259054669683	41.4114885821	0.2
0.503002649886	0.525734160518	42.2654397984	0.2
0.75905711764	0.691123334541	43.2831587778	0.2
0.27967953204	0.392925704447	40.8873740784	0.2
0.0359824761911	0.208492969752	36.0312779195	0.2
0.578761893958	0.724157010111	42.8854384447	0.2
0.361070400716	0.371027512247	41.8604762831	0.2
0.551042361751	0.39843031944	42.3345017914	0.2
0.997402968517	0.929093048569	44.0462100239	0.2
0.857418913078	0.802794788367	43.8756477244	0.2
0.226651904855	0.398105990879	40.4021929406	0.2
0.0604362941123	0.167829984716	37.3207497743	0.2
0.388254541664	0.483697217365	41.5178387522	0.2
0.504517328815	0.423160907898	42.0320096973	0.2
0.373622606312	0.370150094062	41.3576978099	0.2
0.903543980412	1.12891356245	44.1217851071	0.2
0.127354806098	0.262688273211	39.0227834121	0.2
0.0522518272904	0.189951775532	36.8547071909	0.2
0.496778662389	0.429284430921	42.4541081419	0.2
0.463814560769	0.507259560239	41.7681423398	0.2
0.747645065954	0.739548292442	43.0894033141	0.2
0.649572689477	0.640871424599	43.2098880677	0.2
0.610828248493	0.49355942814	43.0303419477	0.2
0.974928140879	0.945676208125	43.9235083879	0.2
0.919883299943	0.867021433778	43.8208068831	0.2
0.114184107079	0.245305834886	38.3944755243	0.2
0.483498053292	0.63730582377	42.2949044218	0.2
0.647617840747	0.469756205072	43.1042092768	0.2
0.735075291478	0.933613231675	43.0393754799	0.2
0.398234594776	0.431385331415	41.7721164907	0.2
0.233487523116	0.323328139268	40.5884218604	0.2
0.168710303293	0.107038903703	39.6593673184	0.2
0.059647354421	0.229298162205	37.1850659869	0.2
0.105103490357	0.183255726545	38.2749257583	0.2
0.554136655775	0.559264778621	42.9088991414	0.2
0.813239058575	0.652236647044	43.552800822	0.2
0.174696409775	0.141953080139	39.7289452501	0.2
0.50790491499	0.43266843217	42.0737093457	0.2
0.119758663862	0.0505560716632	39.0278284729	0.2
0.917403607338	0.860535612	43.7525631708	0.2
0.558182158944	0.735487423867	42.7262047446	0.2
0.807548616145	0.936771708214	43.7292190706	0.2
0.0304236694349	0.128563882523	35.8670002966	0.2
0.76404436675	0.781680978412	43.3349220764	0.2
0.831975737067	0.832857553671	43.9223645593	0.2
0.107792690984	0.198511466415	38.7015742224	0.2
0.836370875773	0.698289485792	43.9128932024	0.2
0.854245456062	1.0098669127	43.9681209966	0.2
0.0922422452068	0.0449506197188	37.9657070792	0.2
0.299543847744	0.397923354027	41.1717876149	0.2
0.418426806294	0.309531257375	41.8976445594	0.2
0.879961376698	0.881546551183	43.5806186392	0.2
0.360969576144	0.547138184132	41.5778957916	0.2
0.0715885606949	0.128399331485	37.5559508975	0.2
0.0746723571554	0.028029883772	37.4156616438	0.2
0.554587560105	0.691373152708	42.7906086034	0.2
0.431569205818	0.353424071687	41.9899101391	0.2
0.0885733058864	0.015458296661	38.3206931475	0.2
0.943278685876	1.01803903342	43.8548319114	0.2
0.635961146822	0.665028678308	43.0826185115	0.2
0.62136994652	0.627311390437	42.9870729368	0.2
0.160181070841	0.144855508553	39.4931616409	0.2
0.0560520658339	0.181272469545	37.04799158	0.2
0.620882042468	0.540201270674	42.7927162956	0.2
0.887348279357	0.933566395386	43.5506835544	0.2
0.888016394659	0.9591224666	43.9713835855	0.2
0.780632962007	0.906300372536	43.4437968013	0.2
0.979522461927	1.02052970432	44.393901456	0.2
0.355604327486	0.531829406719	41.2190203193	0.2
0.166154807917	0.128622802209	39.6443815244	0.2
0.843848262764	0.896719116571	43.5408998015	0.2
0.887810770066	0.782235547605	44.1123615391	0.2
0.305988570739	0.412710992029	40.7329244681	0.2
0.281755436641	0.227321417298	40.9388291877	0.2
0.0331967586392	0.298448323003	35.9330878619	0.2
0.175703407205	0.189782110802	40.3025136289	0.2
0.237431284211	0.350815383951	40.484360293	0.2
0.653559268733	0.76488436453	43.0705738843	0.2
0.36764061828	0.492134349761	41.3775089177	0.2
0.913153418984	1.10000550548	43.9101917428	0.2
0.338417238588	0.322047439142	41.1753650397	0.2
0.376031593006	0.31420466931	41.60694328	0.2
0.105483861122	0.207676379234	38.3146813296	0.2
0.644333048912	0.724283452568	43.2136696614	0.2
0.632276452167	0.816615142745	43.2787283849	0.2
0.204203899528	0.140009626623	40.0849449155	0.2
0.99370375367	1.05907482249	44.2393163863	0.2
0.83713908531	0.692824174592	43.3935165085	0.2
0.568472629428	0.661082293474	42.8583648565	0.2
0.0778866610377	0.0429157491853	38.0503109504	0.2
0.725300532459	0.632592225837	43.1249161874	0.2
0.604838119894	0.642007231937	42.7822732132	0.2
0.37813117489	0.361331245553	41.5840770451	0.2
0.215609504881	0.262868745565	40.1826790381	0.2
0.0491009526777	0.172202640638	36.9062689016	0.2
0.819723135899	1.01199412212	43.4648172999	0.2
0.196630865594	0.264352507012	39.8556746467	0.2
0.523326306768	0.466146370205	42.6423039387	0.2
0.853564156399	0.825845126018	43.6978934037	0.2
0.661250701613	0.638248974376	42.8748263233	0.2
0.920599154997	1.01196163513	44.3348471104	0.2
0.876774245616	0.764951487463	43.7713069442	0.2
0.281667613145	0.236556470772	41.0951465114	0.2
0.5846821563	0.593065677699	42.8895809765	0.2
0.930585960672	1.01224529769	44.0141695763	0.2
0.117135272354	0.222013678123	38.65762542	0.2
0.614353772178	0.592530906215	42.6732527515	0.2
0.422118547256	0.479895458998	41.8897246376	0.2
0.275247835145	0.204125148871	40.9099571421	0.2
0.349712687839	0.273049884714	41.3897860088	0.2
0.911027116719	1.01163324584	43.8441558242	0.2
0.0429050690103	0.112740847618	36.4013349641	0.2
0.179634097661	0.165674671268	39.6783773041	0.2
0.699325796406	0.679447220459	43.5155881987	0.2
0.369070016204	0.402704280312	41.4525327564	0.2
0.327850482347	0.413462136538	41.1291239038	0.2
0.427695879844	0.681099511017	42.2422016558	0.2
0.054913128063	0.0450997894655	36.9369591374	0.2
0.0163002520721	0.0861701843279	34.4758581801	0.2
0.723185018168	0.857051168039	43.0253695885	0.2
0.283660250707	0.322680174992	41.0124148754	0.2
0.690041303783	0.874827110111	43.2418305927	0.2
0.411861637163	0.440533651558	42.1618887123	0.2
0.521802381535	0.611505050446	42.2968556894	0.2
0.136613562238	0.127954591218	38.99115954	0.2
0.465066839692	0.39572928836	42.2512912336	0.2
0.19405050577	0.25991536565	40.2032224699	0.2
0.816884422641	0.832502144422	43.6627779918	0.2
0.47144001611	0.326013845878	42.117114744	0.2
0.385251469498	0.440247902061	41.561761042	0.2
0.0827938560649	0.137130590038	37.8388893491	0.2
0.0528393849581	0.182989807678	37.0046245317	0.2
0.811052394617	0.885654292658	43.2705156815	0.2
0.0235031298887	0.076276813021	35.0557315491	0.2
0.150782343444	0.144687748739	39.497346316	0.2
0.703510739832	0.49948768887	42.8962982309	0.2
0.359809363952	0.425368173846	41.2936240347	0.2
0.418239167923	0.477862842799	41.8721108633	0.2
0.870428904848	0.927376072505	43.6631304459	0.2
0.145938248223	0.109084875316	39.4520251571	0.2
0.216780019492	0.285143902331	39.9663865857	0.2
0.345696784581	0.218501995224	41.3068776619	0.2
0.671172413835	0.72509239687	43.0655958648	0.2
0.516886417558	0.43659889929	42.2587918034	0.2
0.364193981123	0.360747675853	41.2795109756	0.2
0.453955439257	0.277967583602	41.8198461534	0.2
0.663469759364	0.710637514766	43.1325614883	0.2
0.711557310926	0.621623853463	43.2467066362	0.2
0.746379472131	0.608079753661	43.7055910308	0.2
0.224370513289	0.152616438651	40.0659083057	0.2
0.514293378365	0.379092496205	42.5989778124	0.2
0.940813174378	1.02348755594	43.5782912657	0.2
0.439019822459	0.370677662468	41.7575822061	0.2
0.362648316866	0.431545389204	41.4910917455	0.2
0.370353195459	0.341059445485	41.148036509	0.2
0.26577489939	0.138974799003	40.7600077262	0.2
0.723393797901	0.761616717483	43.267866517	0.2
0.911990942094	0.975797503856	43.7980074065	0.2
0.201239549226	0.241301214097	39.8496684265	0.2
0.598048449311	0.49127112908	42.433641625	0.2
0.445443819345	0.33080628011	41.9519463395	0.2
0.604101217057	0.52103432919	42.5778795195	0.2
0.658842491027	0.620289519758	43.2245942107	0.2
0.576492410402	0.680706611167	42.7471505864	0.2
0.342626834989	0.566630449077	41.3303204001	0.2
0.818878350592	0.856979947172	43.4014209889	0.2
0.519718737388	0.632498127805	42.4034900422	0.2
0.550150278155	0.445491720102	42.4274451556	0.2
0.595242818352	0.428114995236	42.9944228163	0.2
0.544725992803	0.449332489645	42.4649919574	0.2
0.126001504023	0.129800994817	39.0457291673	0.2
0.698087772115	0.664175780099	43.077722342	0.2
0.960329236287	1.10208454244	43.7410844104	0.2
0.694983665652	0.641935100564	43.5792155648	0.2
0.159827670407	0.160952445567	39.1350785109	0.2
0.0847221255699	0.219452950646	38.181423072	0.2
0.814596554865	0.76358317	43.6436420891	0.2
0.367207664357	0.347067900862	41.5261045795	0.2
0.921047557776	0.775838986518	43.8540984256	0.2
0.0582297249299	0.115441517352	37.0315458382	0.2
0.604376777865	0.566252519945	42.6802713193	0.2
0.894575110735	0.666687602772	44.0258818701	0.2
0.622603865238	0.537412484798	42.7349506406	0.2
0.617355063952	0.607055742303	42.8354374193	0.2
0.703128691451	0.624696791854	43.2011732676	0.2
0.810783147085	0.77769662435	43.886237588	0.2
0.631113027872	0.687399844536	43.270371757	0.2
0.845385696351	0.864931090962	43.5852993903	0.2
0.335315181913	0.312525785503	41.0167820014	0.2
0.699191520636	0.568776195536	43.189042302	0.2
0.274530205673	0.360506928783	40.6401693668	0.2
0.591843569741	0.76831515116	42.9170242669	0.2
0.934933885249	0.764162328078	43.8928710942	0.2
0.0854431668775	0.168636288222	38.2047882914	0.2
0.70448176548	0.859005038788	43.5084514327	0.2
0.648415627062	0.707384263441	43.2840934489	0.2
0.349043879707	0.47109376649	40.8639004889	0.2
0.974097590778	0.958092888055	44.3340180096	0.2
0.26558447114	0.515304533604	41.0873197838	0.2
0.776115499735	0.831179906153	43.7701819434	0.2
0.254136362892	0.245740170535	40.7958869979	0.2
0.623508522785	0.673273875347	42.9122147033	0.2
0.291968706746	0.318337207988	41.0351776255	0.2
0.831293939991	0.871565511048	43.6360623363	0.2
0.994168896282	1.01777506353	44.2030709023	0.2
0.255785965361	0.129510608296	40.4086330453	0.2
0.639397706246	0.679449108859	42.9915103273	0.2
0.986135408386	1.17110135334	44.4209146767	0.2
0.825706346658	0.753221802452	43.7429768542	0.2
0.432739407404	0.484289272339	41.8042860372	0.2
0.101891822082	0.0137524989337	38.558281629	0.2
0.352951406416	0.179247254779	41.3825653249	0.2
0.24938004927	0.289391666013	40.9963477225	0.2
0.61909339864	0.565982241859	42.4155807435	0.2
0.305564810854	0.440108580649	40.7781631891	0.2
0.544973313877	0.646289811701	42.4551579703	0.2
0.866771311299	0.616065670055	43.8338878766	0.2
0.358580860238	0.301023205326	41.494307206	0.2
0.725923934815	0.529412789714	43.7094375813	0.2
0.725148679421	0.715029402946	43.6185891127	0.2
0.198946187071	0.205816535548	39.8844834419	0.2
0.848477442281	0.845501356321	43.94391162	0.2
0.672457338885	0.752198817355	43.3973840358	0.2
0.428970287965	0.384824216142	42.1293139502	0.2
0.0497693149982	0.158320584717	36.7187524108	0.2
0.374978261748	0.417458960257	41.7573540066	0.2
0.302202918785	0.348597506438	41.3564757521	0.2
0.189684980429	0.238994257544	39.9109092373	0.2
0.205947081484	0.182482831927	40.133389003	0.2
0.238949148846	0.216597237408	40.7639347968	0.2
0.82052335318	0.657596376729	43.6603201315	0.2
0.782862918621	0.954504733072	43.751698028	0.2
0.454730812809	0.678462527809	41.9440229709	0.2
0.188433563984	0.267002370608	39.9437934148	0.2
0.0242094309094	0.118429096637	35.301420099	0.2
0.170337252624	0.18126578985	39.6017788527	0.2
0.711847442057	0.906223053329	43.0393732727	0.2
0.668277634195	0.685922474327	42.9574988126	0.2
0.684508229037	0.774948215888	43.2969621565	0.2
0.611344827898	0.648124712232	43.1062541743	0.2
0.0971584667629	0.149808665862	38.5720347005	0.2
0.260726375516	0.183869864835	40.6158003323	0.2
0.913279086218	0.951373256319	43.9208260442	0.2
0.637515217092	0.522171347546	42.794437972	0.2
0.673944901933	0.432411781656	42.9148531341	0.2
0.330729188908	0.330942807414	40.7174955152	0.2
0.0707101448307	0.202192430833	37.7042914415	0.2
0.830208656795	0.803034730219	43.9118227991	0.2
0.886753972371	0.885526155052	43.7963880049	0.2
0.678514540035	0.691813884323	43.1285663846	0.2
0.881095298807	0.771827956851	44.1023643935	0.2
0.668206832397	0.788859910227	43.2431294297	0.2
0.121636191192	0.200116182789	38.6922595758	0.2
0.587578990662	0.687771220414	42.5972605491	0.2
0.730883434094	0.622436522603	43.5263204959	0.2
0.0294472899662	0.0898956917351	35.8000195207	0.2
0.801777435594	0.699678945023	43.5766650171	0.2
0.999231278026	1.08702565912	44.0084187144	0.2
0.342516463292	0.415858135416	41.2480421351	0.2
0.762830787282	0.930338032019	43.4278894076	0.2
0.0436692582713	0.107295802548	36.5421045485	0.2
0.725750616721	0.626406348451	43.2249684087	0.2
0.346101134115	0.392217444682	41.4217457952	0.2
0.175480049898	0.135789060534	39.337544777	0.2
0.886183429436	1.14833814538	43.7916775376	0.2
0.769851489828	0.798785999828	43.4321683948	0.2
0.863291110851	0.898433804899	43.7688633685	0.2
0.401697170199	0.423054850785	41.9855768075	0.2
0.270105517535	0.14662033734	40.659996408	0.2
0.54754249567	0.54998252106	43.0197542864	0.2
0.239075425238	0.295769441682	40.6330061724	0.2
0.824736214484	0.914284901726	43.5215118899	0.2
0.475768685776	0.339517872008	42.3962714431	0.2
0.975414648391	0.917905627857	43.8871346515	0.2
0.475006453736	0.673505892834	42.249139385	0.2
0.897718047347	1.00395305049	43.7127163869	0.2
0.986887796723	0.964301593917	44.1768854632	0.2
0.944024587082	0.743868645837	44.214785984	0.2
0.258175767155	0.282775064162	40.6579073593	0.2
0.232692010759	0.145041988772	40.0217021739	0.2
0.762073972655	0.742279423761	43.4220291738	0.2
0.197955444608	0.0812372617323	40.1009724684	0.2
0.394626629471	0.267869527337	41.8634234076	0.2
0.918868784826	0.85937825276	43.7272208477	0.2
0.419976551782	0.609457959486	41.9149029361	0.2
0.647859992656	0.500948225167	43.1673941928	0.2
0.18573861518	0.0923062514073	39.7625201934	0.2
0.548187216745	0.454926338075	42.9421414457	0.2
0.142874183312	0.0655675547616	39.2318809304	0.2
0.669646757029	0.649043680726	43.2871757853	0.2
0.426870523014	0.365116746028	42.0153121819	0.2
0.0788070901218	0.0647039972874	38.1357411636	0.2
0.89060282261	1.02451666211	43.6361489607	0.2
0.768809098795	0.674929079456	42.8949395131	0.2
0.310936098081	0.258000624899	40.9941761586	0.2
0.111501919807	0.0107131418826	38.4892186651	0.2
0.958766722052	0.900941481893	43.8466829048	0.2
0.534283888994	0.62519636297	42.1670587906	0.2
0.478163383709	0.489419874196	42.3990209399	0.2
0.664295847882	0.69031939105	42.868201772	0.2
0.740300318207	0.638757616845	43.318109853	0.2
0.72104537661	0.706651649079	43.2906202542	0.2
0.549346501191	0.65214756005	42.7210730999	0.2
0.690377239503	0.7892304325	43.3029812311	0.2
0.281574055731	0.3197594264	40.6911957523	0.2
0.342391656587	0.316629270542	41.4230299598	0.2
0.767707790224	0.745869894984	43.6619545004	0.2
0.423145439887	0.616182788436	41.6689381386	0.2
0.952896634725	0.900599792766	44.3137560688	0.2
0.96429645671	1.0105150183	43.9895048812	0.2
0.25621979965	0.276062374994	40.6040352593	0.2
0.954025541197	1.03343783189	44.145478978	0.2
0.0380115488559	0.0154676294207	36.1266849871	0.2
0.385679385398	0.433302590362	41.6433058416	0.2
0.329675872854	0.242861064798	41.0819214217	0.2
0.594970273263	0.592077316289	42.8243381822	0.2
0.94463925622	1.1313937119	43.7328464101	0.2
0.604963091483	0.581238980375	43.2664967985	0.2
0.589341062664	0.584129291245	42.6834454099	0.2
0.654262923258	0.780860999481	43.0466154282	0.2
0.264769609009	0.248748711711	40.4655497645	0.2
0.863257746519	0.902538533568	43.7521220317	0.2
0.917300139587	0.774898088606	44.1001370188	0.2
0.741527233523	0.918184008517	43.6412373822	0.2
0.623318874893	0.68526793444	43.0436820424	0.2
0.0823580029002	0.0268194174206	38.013370722	0.2
0.745828932485	0.772239377119	43.8259981421	0.2
0.219482840937	0.273999366948	40.0744686005	0.2
0.216467939912	0.300980900089	40.0179304513	0.2
0.756209830539	0.779341304562	43.6526008098	0.2
0.675742937533	0.521348346892	43.1249554711	0.2
0.887855910938	0.85384273554	44.2829711503	0.2
0.0720832755838	0.0493191234507	37.5009449866	0.2
0.549652309133	0.581559169565	42.6467228068	0.2
0.0791189829261	0.189953686249	38.128269236	0.2
0.167931825123	0.15027007243	39.4879876607	0.2
0.382827799513	0.339068551816	41.5227088996	0.2
0.200041667962	0.276065576255	39.9789248466	0.2
0.398597823542	0.410864600037	41.8197734908	0.2
0.329859113747	0.336693525045	41.1507910593	0.2
0.740688061434	0.88184307193	43.2699324641	0.2
0.0544144420749	0.0922509802168	37.3804720571	0.2
0.952911629173	1.04526926801	44.1092459779	0.2
0.717773967752	0.792133928015	43.6367837963	0.2
0.566770814803	0.617941227638	42.5884026245	0.2
0.825580652589	0.831468582005	43.6338387602	0.2
0.815027723124	0.893645072099	43.3990085535	0.2
0.823035639776	0.979332198817	43.5777309596	0.2
0.746471878641	0.789269548159	43.34599894	0.2
0.0782163644346	0.0604049078857	37.9633418498	0.2
0.587605666467	0.639344896204	42.5901162163	0.2
0.520173440897	0.679633102874	42.2216058177	0.2
0.649054122438	0.636747991297	42.9471126857	0.2
0.711207928799	0.719039422651	43.2673580407	0.2
0.846814802943	0.826854715675	43.4494972342	0.2
0.536512318792	0.570550448303	42.6300011905	0.2
0.255515772119	0.344658507108	40.2270523405	0.2
0.345221873627	0.347916356569	41.0253745151	0.2
0.998635112877	0.926157300171	44.1731742598	0.2
0.653332745696	0.708250458755	42.7080972694	0.2
0.884915616472	0.830800446089	43.6208800132	0.2
0.682653462631	0.71107190515	42.764971059	0.2
0.913291267526	0.913053635091	44.0133173351	0.2
0.753966948656	0.637896213122	43.3697543995	0.2
0.415808943764	0.410124820385	41.8336444577	0.2
0.199707914205	0.18290535623	39.7801961689	0.2
0.603463527082	0.589674948069	42.7376161159	0.2
0.510755962321	0.499389919996	42.2264356313	0.2
0.292630914121	0.293265232064	40.9865418597	0.2
0.236261463373	0.416490664297	40.6286345387	0.2
0.343399581899	0.484576729967	41.537732837	0.2
0.970634978606	0.896525922365	43.9552665277	0.2
0.0566047307424	0.0916273054739	37.2335791976	0.2
0.0317935066626	0.0162220211208	35.4808565616	0.2
0.150523831656	0.195348072774	39.2920026259	0.2
0.12792947892	0.14429776337	38.8368819606	0.2
0.158664457236	0.178056335116	39.3407239249	0.2
0.244807504021	0.147461305621	40.5097060544	0.2
0.49420899141	0.567743851012	42.4571132774	0.2
0.61117256847	0.689286070748	42.8395456499	0.2
0.935418082833	0.781443899113	43.9712071127	0.2
0.593009103959	0.555685837569	43.0806195016	0.2
0.544476900497	0.754532301174	42.6266479829	0.2
0.739480552422	0.578854917002	43.1625173091	0.2
0.396812372337	0.288684065359	42.0179163959	0.2
0.878466019273	0.925012040572	43.7210938575	0.2
0.609137785957	0.612332741734	43.1025066046	0.2
0.875555373173	0.742732645047	43.7235408231	0.2
0.906950707621	0.734010104785	44.02482838	0.2
0.625741442974	0.754586492501	43.3146348425	0.2
0.973362532106	0.931233593055	44.3389396674	0.2
0.176805576852	0.182935410551	39.6014551556	0.2
0.589170965938	0.531535288254	42.7438693651	0.2
0.292239306928	0.296869487908	41.0665126254	0.2
0.854154524556	1.09691779691	43.6597007317	0.2
0.53827263712	0.611154135429	42.7365338119	0.2
0.456600249726	0.757043296212	41.8731343993	0.2
0.525691017774	0.554378406771	42.9161421452	0.2
0.819387354361	0.660938698105	43.6392217737	0.2
0.601301784946	0.852382349791	42.6551603189	0.2
0.302731879773	0.352673974536	41.1462649758	0.2
0.0831424209657	0.0871416370829	37.917205494	0.2
0.0371755285182	0.258691350472	36.1975336008	0.2
0.0273613218458	0.109513119879	35.2415723081	0.2
0.243078375617	0.0403760780711	40.5813406364	0.2
0.68778294632	0.766175676845	43.2838810381	0.2
0.708430658918	0.862370659578	43.1889881836	0.2
0.156834176721	0.255251756149	39.3704623281	0.2
0.999199400587	0.91042431396	44.200298625	0.2
0.581673946133	0.459018818103	42.8077921804	0.2
0.488956229411	0.611378854382	42.3269969427	0.2
0.626004261512	0.724618921061	42.978711748	0.2
0.951315714006	0.801149289702	44.1457954724	0.2
0.689579244874	0.619311479807	43.0982103898	0.2
0.246571810959	0.180292385672	40.4540149855	0.2
0.213666168908	0.0959562111088	40.4101927459	0.2
0.738106413565	0.675997468884	43.1503604778	0.2
0.868549469308	0.919659708189	43.8960100211	0.2
0.573621182707	0.490755456728	42.4841692864	0.2
0.497785009021	0.359448737368	42.1358569283	0.2
0.37598159861	0.275287468792	41.3802045594	0.2
0.0697858056483	0.0961365968989	37.2164159295	0.2
0.413359173224	0.449982638059	41.7519206403	0.2
0.832607447705	0.909064984723	43.5605838889	0.2
0.393475775389	0.427275680572	41.6497602548	0.2
0.205085173145	0.174257114073	40.1369578071	0.2
0.063271073066	0.054248428321	37.3490784821	0.2
0.0481618705761	0.0178209713497	36.6819703171	0.2
0.431553546224	0.406435360072	42.1027465042	0.2
0.53661590857	0.634378410523	42.2691471944	0.2
0.81757082582	0.851755148542	43.8349961755	0.2
0.542786923348	0.641873001843	42.5697838788	0.2
0.678293210259	0.575556414826	43.3776528026	0.2
0.0154556734726	0.189257752559	33.7743735792	0.2
0.628439022637	0.497889013776	43.1098236701	0.2
0.437578791853	0.609064288232	41.9811134731	0.2
0.412395589367	0.336043197212	41.9853243381	0.2
0.306958701469	0.46748874494	41.1701620055	0.2
0.860741023372	0.958859323504	43.2117723871	0.2
0.860383614271	0.830390459722	43.3465836333	0.2
0.369971062577	0.306998121986	41.4893750853	0.2
0.224475508605	0.293821320434	40.4250818347	0.2
0.127766351962	0.132599609938	38.9508284917	0.2
0.0567168184173	0.0701062912524	37.1908428149	0.2
0.501160224341	0.578897083316	42.4753385121	0.2
0.670091630608	0.638708552745	43.3726443847	0.2
0.518055689043	0.660277073333	42.1797876264	0.2
0.768022591209	0.946289308752	43.2768555189	0.2
0.54827666682	0.667081289892	42.620006814	0.2
0.576193022311	0.452910720714	42.4704622931	0.2
0.700620180964	0.767353094312	43.3966629094	0.2
0.284044572848	0.224400634939	40.8509766545	0.2
0.767728311459	0.714692883191	43.2642094729	0.2
0.626787292238	0.628243410891	43.1284032331	0.2
0.580849145079	0.604872120083	42.5158997938	0.2
0.960838195556	0.947909590489	43.9146561071	0.2
0.206629704747	0.160501443122	40.1420216831	0.2
0.940357297201	1.033578441	43.884659526	0.2
0.343105916435	0.214503607119	41.1802729543	0.2
0.976334741528	1.20784231885	44.0661551042	0.2
0.156003543348	0.200298542999	39.0519177026	0.2
0.897270242644	0.957669165573	43.947574035	0.2
0.525949540172	0.66463382378	42.4596218263	0.2
0.741130760444	0.87849662191	43.6353431492	0.2
0.381458434455	0.29479333032	42.224975324	0.2
0.46334083472	0.45511757449	41.9405543451	0.2
0.879235105829	0.713717035901	43.6008365671	0.2
0.538350356213	0.522427350129	42.8104016915	0.2
0.330875774879	0.420376802842	41.0250040596	0.2
0.0759525769819	0.0111353994967	38.2146292242	0.2
0.104732878515	0.192725821611	38.1392717271	0.2
0.106895733745	0.167596154316	38.5839544751	0.2
0.183625142045	0.330782282309	39.6639273344	0.2
0.120069424908	0.285329885385	38.8650674361	0.2
0.0766891239479	0.0254517733216	37.7366284996	0.2
0.0624573682734	0.127221328591	37.264841292	0.2
0.890082619652	0.768531017871	44.0599892709	0.2
0.0320933032761	0.154154577023	35.9417980988	0.2
0.929014667299	1.02996084037	43.8753898653	0.2
0.214323475508	0.261011788543	40.3482970523	0.2
0.335808787372	0.389551462903	41.0672549235	0.2
0.401371954786	0.417438758324	41.5852086705	0.2
0.0851402740699	0.270947942382	38.3251847745	0.2
0.815972413636	0.637236848415	43.660674451	0.2
0.479347322987	0.546497929072	42.3537624752	0.2
0.967089635291	1.04694310777	44.2534696063	0.2
0.0545844926489	0.0824421969778	37.1205669283	0.2
0.168543842256	0.247852462942	39.569428779	0.2
0.104257141036	0.129309723357	38.5743950132	0.2
0.142817011237	0.309344921601	39.3621084226	0.2
0.297925941658	0.223537165506	40.9350559837	0.2
0.518541583163	0.425709721311	42.5531853622	0.2
0.23466936621	0.114594082801	40.4482345777	0.2
0.31913881158	0.26319363759	41.1926728561	0.2
0.681301661036	0.697289231497	42.962101069	0.2
0.885418824874	1.03698626355	43.8099519027	0.2
0.415328565514	0.326418478845	41.6851108544	0.2
0.584427512161	0.579125591554	42.6998781737	0.2
0.545816370249	0.576642246047	42.9692120177	0.2
0.412758086245	0.317529666972	42.202923145	0.2
0.318200177675	0.260812622439	40.7936932584	0.2
0.293973025018	0.483741963299	41.1674275629	0.2
0.244579639682	0.235271635237	40.3318170964	0.2
0.158377769722	0.0501836310106	39.401308744	0.2
0.018909076162	0.0725203969613	34.5049726813	0.2
0.717518327468	0.84236699444	43.0805647476	0.2
0.878490266747	0.761625600376	43.4016245445	0.2
0.16633489852	0.103684758432	39.6171297426	0.2
0.476499130703	0.535721494953	42.0074366644	0.2
0.0747258211911	0.160595565812	37.3226421006	0.2
0.0607836961048	0.0256432393662	37.3594165374	0.2
0.547979080782	0.629906371916	42.2207339852	0.2
0.541105950981	0.585382460835	42.5243877301	0.2
0.772211809515	0.821417980256	43.3499676847	0.2
0.266355284184	0.107719739172	40.8082763542	0.2
0.0355156695334	0.149462245949	36.192433377	0.2
0.0923307044369	0.150685086832	37.9515991659	0.2
0.80806883647	0.82763046451	43.4585723306	0.2
0.739969993451	0.718547242581	43.4610272157	0.2
0.533114186359	0.364979456473	42.8813133946	0.2
0.547273497605	0.482718287785	42.3348680008	0.2
0.205919032373	0.229501799449	40.3496901933	0.2
0.893191323266	0.897521547734	44.0769651194	0.2
0.331967624563	0.480594993354	41.2339713519	0.2
0.525696530944	0.521507575909	42.5979364211	0.2
0.232680853434	0.311484837199	40.3802529386	0.2
0.936910894492	0.74550404469	44.1641377068	0.2
0.979151911321	1.0547037683	44.214462838	0.2
0.929064044475	0.77736516361	43.8205765405	0.2
0.148188915024	0.181117231864	39.2649604384	0.2
0.40480101926	0.307355922271	41.6380135965	0.2
0.870571733342	0.933048321192	43.2520889565	0.2
0.18596142637	0.226518948823	39.4031018299	0.2
0.773349989324	0.586647464568	43.5538471064	0.2
0.313216341112	0.289589847094	41.2283322031	0.2
0.783011326511	0.739124457069	43.771943802	0.2
0.904988553111	0.888276862318	44.0936133654	0.2
0.189246955615	0.0273701520147	40.1068735317	0.2
0.475738520608	0.556409921962	42.4514350719	0.2
0.702945690393	0.638521461615	43.4039864556	0.2
0.0375836146643	0.178739945841	36.4012805006	0.2
0.0915898211251	0.0357308615884	38.4820114361	0.2
0.038023517996	0.0780174238601	36.0983504034	0.2
0.860479916121	1.00428947621	43.9523984655	0.2
0.0164906179283	0.118020839551	34.1454386933	0.2
0.649054445575	0.404892091417	43.0302694374	0.2
0.497202968178	0.540702909162	42.2562561118	0.2
0.582584463823	0.554119059008	42.6291824	0.2
0.0655275788654	0.173724583247	37.7554878658	0.2
0.260793421584	0.247466963546	40.7716015631	0.2
0.115400701671	0.195960850731	38.9758549229	0.2
0.840327738621	0.765589974306	43.4771240481	0.2
0.338993880598	0.328960062323	41.11767035	0.2
0.180604475557	0.0594544248633	40.0349601871	0.2
0.538430893565	0.521815706298	42.705084064	0.2
0.80195715283	0.91237202705	43.5734451456	0.2
0.184289002434	0.388566411503	39.6884618709	0.2
0.778925763837	0.659586486044	43.7625460859	0.2
0.779857714176	0.953181218914	43.3877645712	0.2
0.705184687237	0.840594671602	43.0684148272	0.2
0.904297804319	0.956568315577	44.2123188993	0.2
0.27079228552	0.338053403976	40.8130592275	0.2
0.0984726649091	0.136943362063	38.1676488247	0.2
0.238323588744	0.297685582669	40.6724755053	0.2
0.529496879698	0.506878805298	42.5514185777	0.2
0.831484406208	0.958628145013	43.609485703	0.2
0.623994540272	0.52811529841	43.0434187123	0.2
0.23428177262	0.265802105703	40.4037813054	0.2
0.744900299309	0.750685031896	43.1647202472	0.2
0.927970334929	1.11590477107	44.0337679908	0.2
0.641952254872	0.645171291143	43.2427009344	0.2
0.557544391323	0.379363710822	42.2977050563	0.2
0.996146871808	1.00732295116	43.9727997955	0.2
0.122069049844	0.1343835765	38.6433079553	0.2
0.507968411423	0.525571137364	42.2671232819	0.2
0.272152462991	0.342000019959	40.5633577175	0.2
0.545952238997	0.507896985272	42.6786040444	0.2
0.941962538729	0.918380560276	43.9488258167	0.2
0.65436928959	0.471435267751	43.1985019944	0.2
0.853646365269	0.971368856909	43.84301796	0.2
0.693697740608	0.81475610667	43.1436431929	0.2
0.421987801701	0.690246469005	41.8562779057	0.2
0.870145486472	0.789242258972	44.0782023676	0.2
0.0166404688372	0.0722155162193	34.2443849032	0.2
0.930351936464	0.992447130583	44.1241995816	0.2
0.871700359758	0.672398147664	43.6401364193	0.2
0.045719031574	0.247475611094	36.5686729101	0.2
0.364187568029	0.422810554048	41.695274652	0.2
0.461053217833	0.629192515434	41.8488683135	0.2
0.494616186314	0.462919980287	42.3516992861	0.2
0.410129005147	0.522261267509	41.7378718268	0.2
0.827776387764	0.774443526799	43.7638693691	0.2
0.454940906303	0.538736142752	42.049357283	0.2
0.945075192203	0.995872725718	44.0700566022	0.2
0.273336477708	0.338987886324	40.6531563732	0.2
0.182255141031	0.30109345614	39.495964106	0.2
0.949598131294	1.00873504312	44.0412407815	0.2
0.846557857037	0.924380704084	43.504642419	0.2
0.356090019546	0.459635860471	41.4229575976	0.2
0.507040059522	0.581217411303	42.2603161919	0.2
0.421509776148	0.432836464337	41.5615992289	0.2
0.308111475687	0.235636189707	41.0111334801	0.2
0.466005412051	0.312398390495	42.2875549825	0.2
0.0236882825954	0.0277468063649	35.1000110465	0.2
0.812882581291	0.764255899291	43.7305202935	0.2
0.569739399145	0.52109950039	42.2134870595	0.2
0.172025560077	0.342125408027	39.4686158757	0.2
0.911365834248	0.658733898928	44.0475808603	0.2
0.474464100883	0.453657248516	41.8088337127	0.2
0.505662138843	0.669483304425	42.1529643906	0.2
0.92589143069	0.788113660722	43.4511678074	0.2
0.727967648757	0.609150719286	43.0526422975	0.2
0.834785566859	0.814244107523	43.873974999	0.2
0.95750901814	1.03372875236	43.7568695588	0.2
0.408313999554	0.491654697622	41.5810795409	0.2
0.897133414574	0.68779660977	44.1220521396	0.2
0.776274118341	0.82319279017	43.5995269343	0.2
0.236704169422	0.165967338958	40.3108469523	0.2
0.664153290498	0.638507459148	42.8995521065	0.2
0.695117791013	0.720536443764	43.3307462034	0.2
0.780901996238	0.771766489416	43.2400516208	0.2
0.668012856989	0.610196364652	42.8687774276	0.2
0.387143846584	0.350698067465	41.8580546296	0.2
0.200497623719	0.283410639942	40.2684994028	0.2
0.972142134834	1.021831958	44.2373597566	0.2
0.803253324373	0.911815888993	43.4088767961	0.2
0.81565835018	0.914932392199	43.4423592572	0.2
0.529881259512	0.346428153094	42.2339213205	0.2
0.271104364177	0.0920983355325	40.79865926	0.2
0.649319028541	0.51832641503	42.672126624	0.2
0.0956846336145	0.116614215271	38.1295467903	0.2
0.349066437565	0.447929024646	41.3003345307	0.2
0.06044278417	0.107494566431	37.1069736206	0.2
0.131197692459	0.0421314761394	39.2359386917	0.2
0.202747061237	0.15674168206	39.7201029013	0.2
0.70506764434	0.47810192439	43.1876568029	0.2
0.254231325069	0.0337581237767	40.7633446776	0.2
0.859467379751	0.734933322309	43.8048994662	0.2
0.259485352917	0.209322200831	40.8406830547	0.2
0.811525298052	0.711300355609	43.5041504349	0.2
0.63622894936	0.619055908832	42.4811124042	0.2
0.0992455091661	0.0899131497405	38.7038938378	0.2
0.991504241782	0.923034933218	44.0267393939	0.2
0.509516743619	0.553506078169	42.6085106307	0.2
0.443571963474	0.470596722582	42.0218994227	0.2
0.0686700512147	0.0956047888359	37.557085112	0.2
0.632984037707	0.533512241907	43.0711793897	0.2
0.212726617789	0.239868015188	40.2317245585	0.2
0.30984184219	0.246883634734	41.0492854519	0.2
0.290995752667	0.307559383875	40.7362415773	0.2
0.316574088145	0.289965169265	41.3430731914	0.2
0.766589026214	0.706684806784	43.6219036166	0.2
0.347728695984	0.407165253454	41.5271062207	0.2
0.506052058773	0.452235901088	42.1852309084	0.2
0.643312422273	0.75807155979	42.9704447358	0.2
0.321535560983	0.457088285806	41.3380217222	0.2
0.193535920636	0.0918114044719	40.2455407311	0.2
0.211318818869	0.24912039772	40.3052620307	0.2
0.620252733216	0.658325426619	43.1666444253	0.2
0.846298803593	0.806485641811	43.8508860612	0.2
0.843300497842	0.975673219913	43.672497794	0.2
0.234273681927	0.110529653909	40.3631016038	0.2
0.595954243656	0.55354055313	42.7678980901	0.2
0.409079025077	0.309337708366	42.0517488466	0.2
0.886754837628	0.871007680356	43.6335552035	0.2
0.0287336263146	0.0980678422881	35.252049431	0.2
0.647101949876	0.568835390764	43.3627017231	0.2
0.11074262462	0.0734426011491	38.3896725207	0.2
0.263819205194	0.26894620942	40.7398758961	0.2
0.11698908664	0.0522806071023	38.7546232701	0.2
0.963976168258	0.953238221171	44.1465868136	0.2
0.395564568382	0.397796586288	41.709807023	0.2
0.592654284855	0.537082337311	42.8046520066	0.2
0.172371494082	0.223794416213	39.8666032764	0.2
0.944107823861	0.878418754538	44.2005384181	0.2
0.253042104259	0.123452404342	40.7370547729	0.2
0.84032108723	0.74155181567	43.6533770635	0.2
0.729448215234	0.696018185645	43.7222626977	0.2
0.645079987756	0.508151271891	42.7922306273	0.2
0.327568390686	0.398080721794	41.4501210303	0.2
0.422584764016	0.420934369789	41.6257980614	0.2
0.156187597298	0.231856773276	39.2311036879	0.2
0.915653247619	0.772003178614	44.1060716208	0.2
0.554091911128	0.751263065358	42.6720746319	0.2
0.708881042726	0.688484816327	43.4554451955	0.2
0.594354798217	0.526905974496	42.6376749685	0.2
0.293706493126	0.274406700864	40.4701797811	0.2
0.80027053295	0.757252650871	43.2633416064	0.2
0.731887191885	0.688055459361	43.6671110756	0.2
0.80714832185	0.998650475029	43.4448988098	0.2
0.195914388893	0.350762575334	40.1077233323	0.2
0.220526545054	0.19233392677	40.2792856625	0.2
0.256885527312	0.239432989653	40.38224376	0.2
0.869158503752	0.921262599299	43.6249944023	0.2
0.400152714268	0.49525844103	41.5148957428	0.2
0.701445858186	0.677974605792	43.2502717684	0.2
0.71522225485	0.724612519277	43.2710669152	0.2
0.670151976086	0.695326800699	43.1824105364	0.2
0.148604748842	0.341798719272	39.0620216353	0.2
0.23830335974	0.122891498405	40.6429339927	0.2
0.612818395637	0.526865577561	43.0220293017	0.2
0.0681169582621	0.177403893536	37.4943622148	0.2
0.989188649026	0.923375636195	44.135954877	0.2
0.999116928892	0.897770255584	44.1635628911	0.2
0.74210028623	0.884192735615	43.4070367199	0.2
0.12258215053	0.0338963428957	38.9969729309	0.2
0.175840959827	0.203864859527	39.7808535268	0.2
0.803211032464	0.933090781201	43.6621427613	0.2
0.0832845715909	0.109320162576	38.1406012143	0.2
0.465258352813	0.408211942463	42.024955568	0.2
0.304838335375	0.271127865535	41.1112426998	0.2
0.542099326713	0.417283734332	42.6117656187	0.2
0.367769160927	0.273699165423	41.7516551898	0.2
0.686688237046	0.740840879145	43.3638410081	0.2
0.870843161715	0.884003169641	43.6753855209	0.2
0.719540555057	0.986901718727	43.2782189241	0.2
0.352174347566	0.320314960906	41.1877241742	0.2
0.0892131439619	0.0914134745484	38.0090677738	0.2
0.32660966251	0.34422668702	41.2950332792	0.2
0.533615510227	0.548132421596	42.3686823921	0.2
0.697624225311	0.681972819877	43.2566829123	0.2
0.148746123927	0.172508548997	39.2109990351	0.2
0.938501156132	1.0598942841	43.9028894826	0.2
0.370508756403	0.416203416975	41.5631219621	0.2
0.711893589159	0.799916696457	43.3442788423	0.2
0.109878822783	0.0915448037507	38.2952895116	0.2
0.156727187905	0.0586834373414	39.8183472073	0.2
0.556238985794	0.540994444453	42.2111965069	0.2
0.92010516771	0.8424059437	44.0414273536	0.2
0.755125705389	0.74935419937	43.2506423714	0.2
0.357811684398	0.303327207543	41.3046313116	0.2
0.653926841711	0.734883072222	42.7943466641	0.2
0.495294786913	0.474790878305	42.3405258994	0.2
0.82826771363	1.00460601029	43.5750692725	0.2
0.299820628085	0.42818434234	41.1800479859	0.2
0.74129245006	0.721840471628	43.5463878756	0.2
0.391382117401	0.391141196468	41.3779453733	0.2
0.894160947813	0.824968900819	43.8643818564	0.2
0.872422728392	0.759658715682	44.0814850935	0.2
0.132507021023	0.171739548631	39.2862185679	0.2
0.0341366255995	0.208062031843	35.7729231651	0.2
0.126547730918	0.0185987732911	39.0192720731	0.2
0.533575064646	0.497986408667	42.3220357245	0.2
0.66483608807	0.737125644059	42.824126716	0.2
0.0321031707571	0.129343925848	35.757612843	0.2
0.693276756741	0.694151035822	43.1647934199	0.2
0.690204008282	0.52666424405	42.8243231642	0.2
0.934677678873	1.12937895383	43.8798640549	0.2
0.259486091479	0.173885977065	40.8720119707	0.2
0.666299152275	0.730694653342	43.1494338938	0.2
0.734652028101	0.898026348798	43.1939738226	0.2
0.869048996516	1.04563105103	43.7028906259	0.2
0.733096524034	0.854445492536	43.2391073797	0.2
0.652142855721	0.620821551632	42.93365203	0.2
0.626454504445	0.590213707158	42.9595983254	0.2
0.999024676475	1.09903370883	44.1183405962	0.2
0.175767869702	0.250980153363	39.8435763917	0.2
0.795298213243	0.682150754062	43.4643738358	0.2
0.454461326228	0.573933518411	42.1110746924	0.2
0.0893592693894	0.205903494295	37.825007634	0.2
0.80807381353	0.788869663063	43.7684474314	0.2
0.550203623232	0.425754624235	42.5855342061	0.2
0.0974477928512	0.184261447142	38.4367223707	0.2
0.296868164177	0.388191433656	40.9995371487	0.2
0.604891462896	0.707529531111	42.8910134936	0.2
0.163357048737	0.120102871364	39.4308680768	0.2
0.331941512403	0.474976211281	41.3789647981	0.2
0.683614762939	0.62050103415	43.1038573389	0.2
0.795371549622	0.767393993417	43.8328587449	0.2
0.280658041768	0.216552550649	40.683117638	0.2
0.292759466682	0.248521235333	41.1663313724	0.2
0.410139775886	0.507526817068	41.8169744659	0.2
0.349629883938	0.214431268738	41.352033291	0.2
0.152581809583	0.120390315516	39.209057038	0.2
0.89608543753	0.886951198459	43.8932618822	0.2
0.802151201568	0.576595558444	43.5537044804	0.2
0.0574991946293	0.220459291839	37.3397036428	0.2
0.781353194735	0.745914999152	43.342349097	0.2
0.796711019003	0.591456438331	43.3614140596	0.2
0.692764555373	0.761364101251	42.9323805291	0.2
0.475936197947	0.499107382656	42.3375139382	0.2
0.664312009959	0.58533957491	43.243546312	0.2
0.86447068698	1.02124619571	43.7424080206	0.2
0.32517467015	0.331941148341	41.3586760343	0.2
0.102844991101	0.172484744965	38.4328931185	0.2
0.920456767673	0.882754156929	43.8821041168	0.2
0.56007803739	0.782014355542	42.5430770263	0.2
0.412239257723	0.415789743811	41.793412717	0.2
0.156283384194	0.194846443673	39.3938447516	0.2
0.480415344198	0.531392529098	42.2608685309	0.2
0.932555912063	0.863406906651	44.2035071137	0.2
0.869998084234	0.834502435492	43.8892170148	0.2
0.380131086202	0.319418342984	41.6638371195	0.2
0.162851666018	0.221872944529	39.6701271739	0.2
0.964428891473	1.07987948459	43.9929941559	0.2
0.672713474881	0.659826415255	43.3116825522	0.2
0.337304535961	0.225033618087	41.194173382	0.2
0.252666893903	0.255636518231	40.2999082314	0.2
0.944551771443	0.873056593555	44.0491916915	0.2
0.716590586222	0.697022012972	42.7614611099	0.2
0.624771700222	0.627834138284	42.7642347537	0.2
0.845650809363	0.748912121295	43.7529542086	0.2
0.526879667563	0.404089071935	42.1228744038	0.2
0.303458484387	0.369261569918	41.2366049339	0.2
0.91068128574	1.06011366329	43.8602183968	0.2
0.250363754233	0.227884525991	40.4780697219	0.2
0.534950744025	0.472196898164	42.7437453492	0.2
0.573712634117	0.696135591858	42.6632793176	0.2
0.331802055565	0.262299164337	41.322880905	0.2
0.296526223856	0.305278024422	41.0797722235	0.2
0.792382496525	0.735161666016	43.9309696283	0.2
0.800625203883	0.780693333045	43.3295886407	0.2
0.0263279875321	0.215830354574	35.3856403544	0.2
0.150673639208	0.212242299242	39.2234676357	0.2
0.617494036643	0.417243665314	43.3030232325	0.2
0.532556335312	0.700466278019	42.8275186132	0.2
0.729255416557	0.707686059073	43.3958929674	0.2
0.34980206022	0.318760460545	41.7990831782	0.2
0.903227663276	0.679588784236	43.9997810108	0.2
0.715637537234	0.674530771979	43.4277071912	0.2
0.684061172873	0.624148825935	43.4427077356	0.2
0.0717000988802	0.270936513704	37.8041652813	0.2
0.222248265998	0.0482524359857	40.1423365432	0.2
0.580281725414	0.698615725475	42.8766330626	0.2
