0.711672908225	0.667469980368	43.6097448444	0.4
0.243337827293	0.329096482306	40.3897085571	0.4
0.0791769993784	0.122188816646	37.5673421097	0.4
0.712562763715	0.868401328894	43.640860179	0.4
0.944833545971	0.869189429853	43.7757747993	0.4
0.500689365277	0.360294665429	43.0547301399	0.4
0.475182711168	0.343858480475	41.9363951575	0.4
0.532737781007	0.38032220072	42.5585008445	0.4
0.727135540642	0.838154519554	42.9701809719	0.4
0.222370800369	0.208067768614	40.3262872871	0.4
0.15046245497	0.103648593245	39.2113007488	0.4
0.220450168615	0.205343817733	40.5241255165	0.4
0.839210162306	0.947788479341	43.611536148	0.4
0.121075473207	0.0625729135509	38.7365881757	0.4
0.174905919363	0.124858604981	39.6514708753	0.4
0.549075981969	0.571096057111	42.6342663595	0.4
0.772425012146	0.761317194149	43.2688984172	0.4
0.877370496997	1.03767855168	43.9583932445	0.4
0.792093654276	0.692356614903	43.5892431152	0.4
0.522529359605	0.477445226346	42.7295250295	0.4
0.533593573589	0.520427682083	41.77638079	0.4
0.150503315247	0.169473395113	39.0617391343	0.4
0.471399524116	0.487900474758	42.9562721053	0.4
0.0760370583982	0.153960884243	38.1534646213	0.4
0.254255198783	0.247449968476	40.77759461	0.4
0.0751676700427	0.104010515263	37.8164588801	0.4
0.552610247915	0.50144232629	43.4575601772	0.4
0.235784498567	0.183772456023	39.9705503192	0.4
0.326855309203	0.172861815053	40.4528131856	0.4
0.295659970817	0.40492700852	41.1925913244	0.4
0.343874088391	0.423917704325	41.3044589983	0.4
0.629149240285	0.64767495165	42.3833242025	0.4
0.891143693118	0.937580457579	43.8305709299	0.4
0.222422156268	0.295765819377	41.0276774679	0.4
0.806147535355	0.903590498546	43.4820425566	0.4
0.579203719283	0.416285067901	41.9997422761	0.4
0.949055966134	0.855608642736	43.5967102709	0.4
0.959120953587	0.957051317324	43.4244497776	0.4
0.556706146029	0.581238727867	42.680585448	0.4
0.590100345139	0.748645822768	42.4110845266	0.4
0.202174200954	0.25498736415	39.8482457946	0.4
0.452895957013	0.415468646281	42.7747046382	0.4
0.992508443564	0.967182475507	44.0024071536	0.4
0.436589405046	0.466775163881	41.9140546519	0.4
0.922084521246	1.05199371736	44.1250867711	0.4
0.436010504542	0.424856838821	42.3150815203	0.4
0.0372758891983	0.0657608062719	35.7784484138	0.4
0.725139965947	0.694149775925	43.578776135	0.4
0.614755692163	0.604699401062	42.2078998846	0.4
0.649103603476	0.570801163007	42.891839247	0.4
0.34816021162	0.357233466928	41.5507193303	0.4
0.311577163761	0.107366536832	40.9397610954	0.4
0.80380500708	0.834575328644	44.3394863848	0.4
0.436828519986	0.352698345476	41.7146835891	0.4
0.838114893241	0.738062117753	43.7971730361	0.4
0.299542322478	0.416876331496	40.7351931636	0.4
0.162606389811	0.0182458125841	39.2181735633	0.4
0.775542588295	0.799980205934	43.2750001379	0.4
0.0412156196093	-0.0128565766714	36.5046530929	0.4
0.131801354142	0.0750486719966	40.0473534033	0.4
0.445570383546	0.554051664104	42.1755078632	0.4
0.108454088911	0.174503679532	38.8330951475	0.4
0.410193228233	0.426648934708	41.1978397337	0.4
0.324424356669	0.384296889301	41.255044948	0.4
0.342679269761	0.421076942115	41.6120067264	0.4
0.05083995288	0.0186924773379	36.834073422	0.4
0.230530224815	0.195087123531	40.5089240329	0.4
0.706100678651	0.730340072558	43.6099888217	0.4
0.751026511612	0.752920550878	43.7396426802	0.4
0.0687824948713	0.149897970575	37.3914716849	0.4
0.133951841357	-0.0497751597459	38.9306616832	0.4
0.449833134104	0.51369185719	42.1580300326	0.4
0.941949137096	1.00144153017	43.8352844067	0.4
0.328828638047	0.313337566733	40.8030994274	0.4
0.69723232628	0.632789580253	43.7899387351	0.4
0.627301655571	0.442064653264	42.5247966815	0.4
0.144638505487	0.211334514746	38.8848286668	0.4
0.535299977989	0.495122808493	42.2827429752	0.4
0.401425524768	0.455348445955	41.3297543707	0.4
0.408152839592	0.367615042153	42.7140658643	0.4
0.158307533503	0.115000630489	39.2054346854	0.4
0.350881566471	0.355159604463	41.5831437684	0.4
0.848435645829	0.891911051258	44.5003180718	0.4
0.645234223052	0.706973018127	43.6604674982	0.4
0.250619011273	0.353302469117	40.5141397951	0.4
0.980550719619	1.10028777091	44.1626333492	0.4
0.462169094762	0.487686261309	42.4015642879	0.4
0.69783004802	0.701769495939	42.8383906748	0.4
0.601854980772	0.751278938158	43.0782207592	0.4
0.234668395314	0.256625015473	39.8458598292	0.4
0.233389514202	0.337284504848	40.8622060024	0.4
0.623533588171	0.821654806203	43.0061583072	0.4
0.435850372602	0.677502616795	42.089593655	0.4
0.196345215315	0.173498904533	40.1354854963	0.4
0.87998816422	0.778461522387	44.020065254	0.4
0.0611031844014	0.173864019521	36.3350080352	0.4
0.0470722280816	0.0137945047798	36.4730809598	0.4
0.619220637022	0.672201974579	42.3525047666	0.4
0.870963935656	0.8623302374	44.7876985594	0.4
0.0448192360524	-0.0237504544446	36.0670112673	0.4
0.0941083255435	0.126958111258	38.4392447063	0.4
0.196495310257	0.288813318541	39.5158004414	0.4
0.490811114747	0.423471151948	41.7792048864	0.4
0.752156744995	0.678059531511	43.9818466308	0.4
0.180279334524	0.0931545636306	39.9477478945	0.4
0.88877582604	0.941258087358	43.8321279977	0.4
0.648312018508	0.781188559487	42.7788674131	0.4
0.513031636534	0.488719427182	42.152065791	0.4
0.935737483724	0.737233190019	44.3778546867	0.4
0.563972132356	0.465445443744	43.0694648543	0.4
0.0314993416597	-0.0605374943023	35.5758742128	0.4
0.638699190606	0.590593219694	42.5752033185	0.4
0.288364399285	0.138989637071	41.0124561135	0.4
0.526172343132	0.508301515814	41.8774539529	0.4
0.754996211171	0.621584501996	42.7236902199	0.4
0.778236218496	0.67231499955	43.8174831832	0.4
0.219473523999	0.10517907613	40.4085842738	0.4
0.270464174372	0.451508184438	40.5856475123	0.4
0.999316977792	1.06999661969	43.7617128639	0.4
0.615468361973	0.790212434265	43.290838496	0.4
0.861077056687	0.823863260248	43.8294031899	0.4
0.463583055379	0.320221883665	42.7205686887	0.4
0.705794156171	0.619180118117	43.5064675603	0.4
0.775172469927	0.737777417946	43.3720332389	0.4
0.731107088498	0.80944512291	43.5865750331	0.4
0.530817359245	0.630357021074	42.4401256984	0.4
0.39008031886	0.461532081527	41.1230568068	0.4
0.130638280335	0.195697705477	39.3560130736	0.4
0.725012623313	0.635706908978	42.3920921197	0.4
0.588375301989	0.607386839128	42.4806027811	0.4
0.317489029685	0.295722806977	41.0131866133	0.4
0.552193899233	0.515358676035	43.419722881	0.4
0.14288309614	0.0981456204093	39.5011047424	0.4
0.265422933431	0.319657866845	41.3942164093	0.4
0.477640580514	0.558881394725	42.4251925993	0.4
0.424548567045	0.45994486866	41.1681412036	0.4
0.104490088387	0.195979071091	38.2608694333	0.4
0.886848675216	0.87352297743	43.7566396061	0.4
0.926939448445	0.942086358371	44.3594925729	0.4
0.874441234016	1.03549664278	43.3077054503	0.4
0.888350582893	0.715340034079	44.1922705189	0.4
0.130246759794	-0.15201686335	39.4616673064	0.4
0.771953069323	0.799621380046	42.5626452391	0.4
0.0834901631317	0.211452424394	37.8351687071	0.4
0.855300744955	0.702956159248	43.6147481518	0.4
0.856741661892	0.995265956294	44.2763328993	0.4
0.240666364841	0.214016664422	40.2132825034	0.4
0.808938506813	0.979707590562	43.6105226057	0.4
0.511317175966	0.577084593293	42.1366190394	0.4
0.149354956581	0.190516068146	39.3523582906	0.4
0.957548917719	1.06387336757	43.242926352	0.4
0.57909853442	0.710703129059	43.2266013156	0.4
0.166450973429	0.183293045692	39.0110692536	0.4
0.0680953564432	-0.00354208268583	37.5748984281	0.4
0.467083545251	0.400295616224	42.2096013647	0.4
0.769462526708	1.04882410785	43.0005856516	0.4
0.92624873938	0.893274571299	43.8843485301	0.4
0.917438092261	0.864950015821	43.6569297864	0.4
0.441559875371	0.432850196927	42.7268761777	0.4
0.25373784841	0.352921797089	40.5346811991	0.4
0.940669453303	1.12339365374	43.5882668715	0.4
0.723889212643	0.80378956494	43.7374736612	0.4
0.804932836758	0.78886253104	43.3602945309	0.4
0.186293215465	0.150290738292	39.8646576731	0.4
0.810620039483	0.667144709435	43.8135402394	0.4
0.0594352311981	0.170730350755	37.2544489533	0.4
0.281238576326	0.0728549826892	41.0055113704	0.4
0.591273062441	0.488916472302	42.9053547714	0.4
0.590316754852	0.694345781223	41.9860328363	0.4
0.748206630674	0.684679963282	43.5901736964	0.4
0.0212568562105	-0.159384139401	34.4353614227	0.4
0.588228339671	0.679622283505	42.3909711243	0.4
0.49001171063	0.521979210666	41.8995909557	0.4
0.19943919991	0.262181231633	40.3502802841	0.4
0.852873533714	0.839996027506	43.8595494836	0.4
0.301688821836	0.35455216859	41.2422366787	0.4
0.972725048241	0.867083364437	44.2196944046	0.4
0.69734870805	0.718445754223	42.5278256045	0.4
0.274612840575	0.29567387857	41.1600510165	0.4
0.670867580456	0.710065499734	41.9786048895	0.4
0.343403244511	0.325446606754	41.2460982535	0.4
0.31638862272	0.371941028406	40.7719313723	0.4
0.486469787704	0.440062197293	42.5585265344	0.4
0.563309906042	0.494569841346	42.9172514816	0.4
0.770049711101	0.588023601632	43.4818333954	0.4
0.551484093677	0.542873518747	43.2749884324	0.4
0.161852208511	0.101723259454	39.6337890713	0.4
0.544584798025	0.549341298508	42.5545064501	0.4
0.0433392327033	-0.0186416436668	37.0180260004	0.4
0.543026200719	0.513651388817	42.0388335798	0.4
0.149418939478	0.103660930017	39.3073177841	0.4
0.0277158556751	0.133647861258	35.83055562	0.4
0.670464411577	0.77319810138	42.9863520728	0.4
0.462827218762	0.527700992106	41.1090511304	0.4
0.898245356145	0.96773626027	43.8214573069	0.4
0.731862087475	0.670230315806	43.0786163503	0.4
0.800992389482	0.899955511166	42.739046124	0.4
0.520725578232	0.434089416451	42.576292577	0.4
0.43787083847	0.462140862087	42.0635904205	0.4
0.0352444995941	-0.0178839243531	36.1152661773	0.4
0.908914422676	1.02804499555	44.3594140792	0.4
0.708667916813	0.652581163377	43.2902366749	0.4
0.812003559473	0.952099423089	43.4084580436	0.4
0.933267999448	0.763456828844	44.0804446887	0.4
0.691787191807	0.701933768002	43.6817828586	0.4
0.752497539275	0.744142159455	43.7965243535	0.4
0.953072726918	0.937570504949	44.9551384273	0.4
0.321592428703	0.453530285357	40.7185845592	0.4
0.843070808808	0.874165561096	43.1756406925	0.4
0.0672287653213	0.136377044789	37.0076231539	0.4
0.572268269794	0.699940678177	42.8281992729	0.4
0.235108124363	0.312453445487	39.7182408634	0.4
0.86183340402	0.897539218127	43.467827685	0.4
0.529496892728	0.491608147103	43.0003756268	0.4
0.492319549842	0.342953413084	41.8270199022	0.4
0.397638036254	0.364220898167	42.0365930309	0.4
0.0218974505192	0.0114131950723	35.4237074732	0.4
0.765985768457	0.874101515828	43.8473506549	0.4
0.961835721697	0.961288567843	44.0639260222	0.4
0.851892873476	0.970083095849	44.3341001682	0.4
0.410649693216	0.454726223504	41.6026010377	0.4
0.988489280458	0.821795106683	43.3432258867	0.4
0.763973299423	0.903000916979	43.5818542154	0.4
0.591639064803	0.53292268969	43.3456472237	0.4
0.65437680338	0.686839420642	43.032678488	0.4
0.618536081016	0.631618904383	42.8089948814	0.4
0.601490718857	0.440122998207	42.8139928581	0.4
0.654055812068	0.558726127956	42.7396086947	0.4
0.65606829289	0.637895844471	42.5833180279	0.4
0.138617370069	0.18500109422	39.5448163151	0.4
0.636570249089	0.74940899765	42.4742117282	0.4
0.989592008452	0.93879553611	43.9372886556	0.4
0.456160889891	0.853714688228	41.9545366078	0.4
0.347030209219	0.410628245958	40.7296050684	0.4
0.980986057319	0.991620884366	44.2453970362	0.4
0.503856116059	0.679440383145	42.3233380772	0.4
0.578331178162	0.591578465712	42.6690277556	0.4
0.603055174523	0.605792251352	42.7345363361	0.4
0.695222382555	0.612497855141	43.4357114797	0.4
0.222086828606	0.100700785723	40.1308803591	0.4
0.963944121003	0.833586367563	44.1626561563	0.4
0.982692860376	1.00883170795	43.8653396076	0.4
0.439184798026	0.460181170134	41.7880917637	0.4
0.237955360345	0.0105142584939	40.3622508361	0.4
0.173369439238	0.112374883051	40.0190524649	0.4
0.616597684274	0.799422705104	42.6006797677	0.4
0.456303376029	0.336732487185	42.911884023	0.4
0.0889229055763	0.154677933991	38.3232436631	0.4
0.660267182895	0.669300711878	43.552812168	0.4
0.569635177394	0.565473597491	42.6009262162	0.4
0.694733313385	0.890032951116	42.4034581233	0.4
0.256525316406	0.399054393824	40.7023872443	0.4
0.431002373752	0.571264098832	42.3167888646	0.4
0.182396236579	0.0640624444548	39.3166984001	0.4
0.904540683901	1.06235790068	44.535584359	0.4
0.0453753132174	-0.050797499882	36.7814623809	0.4
0.0207413414056	0.0943878297744	34.5040799054	0.4
0.726650278437	0.811168953402	43.9077400512	0.4
0.530463213118	0.562473768563	42.3611036963	0.4
0.229807499491	0.29065824793	40.7726974658	0.4
0.734071776992	0.735971434956	43.6066457518	0.4
0.183639054006	0.15911495616	39.533774572	0.4
0.902442283612	0.82904900563	44.0962873987	0.4
0.112395665571	0.129903747643	38.4286434592	0.4
0.535378985448	0.339647810903	42.4515664922	0.4
0.933678247976	1.02521639591	44.8183348482	0.4
0.837848268805	0.994640494718	43.1873820487	0.4
0.78258058896	0.865001373394	43.8811317476	0.4
0.638974263167	0.600813334869	43.262031007	0.4
0.184293641124	0.297578475808	39.7248314017	0.4
0.769342354245	0.860349996106	43.5704401776	0.4
0.401959458571	0.379884644938	41.8803850935	0.4
0.733864441898	0.528486598492	42.8639191225	0.4
0.253624080375	0.24216646735	40.7535651285	0.4
0.380342936403	0.369731211315	41.0207851715	0.4
0.148615126996	0.118909108197	39.7638595477	0.4
0.204841790856	0.350857743397	40.2154333349	0.4
0.786133173166	0.969984467874	43.4405225896	0.4
0.446479685014	0.525563004916	42.631600717	0.4
0.603290827763	0.588146447832	42.0487680058	0.4
0.520836204285	0.64835364252	42.3191518788	0.4
0.673643837832	0.621651258483	42.9942543495	0.4
0.919913734554	1.06641527635	44.2674607203	0.4
0.657086444516	0.60209150375	43.0008293349	0.4
0.87988037621	0.993457498695	44.0240797239	0.4
0.233397965439	0.0467778939409	40.6679579483	0.4
0.406662867797	0.341640995	41.7063946187	0.4
0.673604492439	0.620020346177	43.1179105278	0.4
0.875377107164	0.775275315241	43.9121665748	0.4
0.570074211831	0.543763662544	41.9870784683	0.4
0.122720944242	0.148373325982	38.7792098084	0.4
0.0710521631374	0.112444156184	37.7112813189	0.4
0.310701160184	0.173207113945	41.1849160048	0.4
0.340022166699	0.409971787283	41.8633028163	0.4
0.204712906005	0.212896535475	39.4263383896	0.4
0.573982213914	0.476539559551	42.5493450754	0.4
0.465439212907	0.30355885487	42.1351783901	0.4
0.359286054438	0.305853838285	41.0761159992	0.4
0.7773376638	0.663280635902	43.2251787141	0.4
0.379225820481	0.321927814763	41.5945290292	0.4
0.679854200515	0.887304453279	43.1335471711	0.4
0.700081244344	0.793131112282	43.1525953946	0.4
0.412092553449	0.387335463997	42.0378066066	0.4
0.971177427738	0.775617049708	43.6746108919	0.4
0.340222163908	0.450169622802	41.1695135376	0.4
0.0927003407189	0.050453037668	38.0749383891	0.4
0.591227632194	0.590343622653	43.0489773626	0.4
0.0535670851137	0.0464440615992	36.9296308467	0.4
0.136809186189	0.217446719522	39.6583419523	0.4
0.0399799335684	-0.0152883987536	35.8762542646	0.4
0.707652681025	0.647342990771	42.908631636	0.4
0.652469431582	0.774153639391	43.0363576528	0.4
0.820616993646	0.911522776987	43.3994278858	0.4
0.729379253881	0.696108663766	43.8358890082	0.4
0.380769553353	0.225105871366	41.3028876659	0.4
0.996188260085	1.03084044087	44.8331256867	0.4
0.839353511161	0.785292143645	43.9092745007	0.4
0.109948119132	0.104516162086	38.3874842747	0.4
0.754623165115	0.671433926571	43.4238779151	0.4
0.0886799617768	0.00282357813929	37.6556117235	0.4
0.853257153973	0.806845289311	43.683837158	0.4
0.622348346073	0.567606272925	42.402011065	0.4
0.0210282348328	0.233665868511	34.7248691855	0.4
0.125422026783	0.0338635857157	38.5864256033	0.4
0.147264767838	0.196049068333	39.7337593528	0.4
0.540253360241	0.400033136756	43.1501558622	0.4
0.685079372398	0.652251956522	42.9076120438	0.4
0.95394286885	0.947614154229	44.4328362462	0.4
0.0925645879723	0.0797694504148	37.854238166	0.4
0.554606118163	0.51034103357	43.2005738704	0.4
0.640854291212	0.829713383243	42.704880213	0.4
0.144980338682	0.051231577929	39.3093006165	0.4
0.98302097174	0.919367989512	43.9117658874	0.4
0.742917957052	0.750602326417	43.2376637861	0.4
0.196299880065	0.175487096254	40.3265494235	0.4
0.847819886413	0.963970311661	44.161778464	0.4
0.144750569436	0.277943680769	39.441255032	0.4
0.72453037438	0.734037820429	43.2446180394	0.4
0.384037024091	0.314749675637	41.2162173588	0.4
0.419133872219	0.32630642423	41.6421621919	0.4
0.691576313876	0.748896390323	42.8070339943	0.4
0.860852215801	1.05899520554	43.6864996013	0.4
0.738293212861	0.88820530967	42.8539004174	0.4
0.735146155221	0.829027896624	42.9558819983	0.4
0.751292982711	0.914495677712	43.7065669314	0.4
0.0494399950937	0.0117279704059	37.0916866558	0.4
0.300250721837	0.276720782862	40.7495166348	0.4
0.334198871341	0.215041462561	40.2673656466	0.4
0.0708477784322	0.16413134467	37.9983010706	0.4
0.114449647328	0.312232102029	38.2117977764	0.4
0.878451577903	0.791499400369	44.3918813646	0.4
0.669243251766	0.574305086522	42.4970628732	0.4
0.436549213438	0.503691283442	42.3825174021	0.4
0.943814721699	1.06145639844	44.2138097229	0.4
0.763145658414	0.795840650885	43.1320641813	0.4
0.0803272617136	-0.0385354305756	37.8001922583	0.4
0.037309544007	-0.029397453675	36.4137238745	0.4
0.179496250542	0.448764256539	39.9256772328	0.4
0.303482800016	0.21203092976	41.8157230315	0.4
0.876621956482	0.812233660744	43.9106385881	0.4
0.0762830207736	-0.0296294671413	37.9367362485	0.4
0.448965858507	0.411478378163	41.8253039155	0.4
0.678569081803	0.792675247969	42.9922903415	0.4
0.0579398680883	0.152830581621	36.9339404493	0.4
0.641755351415	0.752146625994	42.8967061865	0.4
0.839313905969	0.951555525206	44.0576188662	0.4
0.489687871807	0.483075668611	42.6562382171	0.4
0.22069375381	0.158865745892	39.8369370944	0.4
0.549897196421	0.549912768856	42.2687649407	0.4
0.956706566321	0.944417529983	43.4788606397	0.4
0.347326916814	0.351682198321	41.7797384692	0.4
0.650494184597	0.830416793057	43.474764291	0.4
0.492202479075	0.546746095145	42.5057667769	0.4
0.273110003252	0.282220491559	41.0235227831	0.4
0.293288807274	0.216995791993	40.9530388211	0.4
0.162185496172	0.249776848783	39.6420902587	0.4
0.116398770018	-0.0454098509388	37.5309378642	0.4
0.665596329683	0.649523264303	42.6153773723	0.4
0.851277718165	0.962917579403	43.7299428719	0.4
0.792272571248	0.807391883179	44.0841131679	0.4
0.0307961543132	0.183160868992	36.5761898078	0.4
0.259571469724	0.287909654606	40.305844349	0.4
0.669358647178	0.878307079678	43.1375777797	0.4
0.979657067806	0.957971359227	44.2712294251	0.4
0.338120924297	0.430112231087	40.4641644202	0.4
0.214572240279	0.127011705593	40.1308810551	0.4
0.155927433015	0.147520683818	40.0653461123	0.4
0.712885067618	0.581459096827	43.2030437861	0.4
0.562304389377	0.382089868557	42.7171217801	0.4
0.59119194389	0.587410334568	44.2541308354	0.4
0.324351689919	0.398784560277	42.0793480413	0.4
0.944144097525	0.724091705288	44.1826374846	0.4
0.425062504587	0.291892852701	41.6915422485	0.4
0.251955748712	0.18975026762	41.0471565332	0.4
0.80326480478	0.949827144336	43.2985972498	0.4
0.192720491023	0.271008968244	40.3875456545	0.4
0.622539390424	0.583997414497	42.6498723033	0.4
0.458084217944	0.496711219793	42.3834412932	0.4
0.277642907291	0.267441374284	40.2451206923	0.4
0.67212455635	0.687215721857	43.61022837	0.4
0.791313566976	0.966122954965	43.179904404	0.4
0.822589686557	0.953464354466	43.9074679007	0.4
0.48796012476	0.59717090845	42.2212069815	0.4
0.626715745296	0.639847994297	43.319361958	0.4
0.495420125924	0.547644340946	42.5968008803	0.4
0.792875359077	0.768425230316	43.8079126665	0.4
0.955793713685	0.932549126352	43.8740514178	0.4
0.808086312174	0.644153898577	43.7866585807	0.4
0.186047078494	0.0884062457117	39.9682209093	0.4
0.768929900764	0.549402627644	43.3576360352	0.4
0.619599056629	0.500021627039	43.318973186	0.4
0.630234920782	0.593461870912	42.4456835536	0.4
0.232660710428	0.284582385555	40.3624962607	0.4
0.274696966203	0.370726632946	41.2159502947	0.4
0.7839526382	0.713333253177	43.2055241791	0.4
0.749900249757	0.633284343084	43.3708099924	0.4
0.66949933953	0.639275598325	43.5591794708	0.4
0.807981714963	0.851541969859	42.9088368551	0.4
0.33470901925	0.423637859791	41.4989353724	0.4
0.997746540073	1.00273761883	44.8708186225	0.4
0.655996319566	0.534636804498	42.8435749064	0.4
0.152969233646	0.00595236863448	39.4871089121	0.4
0.236151840563	0.164945901908	40.3035437453	0.4
0.980017247756	0.844756347234	44.7708760352	0.4
0.0745461550647	0.0801422575477	37.7124233588	0.4
0.841568214839	0.859545454516	43.6376694592	0.4
0.557886508261	0.456460233536	42.7049734737	0.4
0.487770308494	0.698635988081	42.1015507731	0.4
0.515529743351	0.608871816046	43.0098089338	0.4
0.861278476342	0.943136301818	43.8328842019	0.4
0.622502237662	0.591152411657	43.040387555	0.4
0.131719136394	0.157393603184	38.3670430518	0.4
0.658015245099	0.58524944694	42.5827194383	0.4
0.364214038442	0.267633033315	41.1714476943	0.4
0.687455654541	0.797199897075	43.3075110699	0.4
0.365132860384	0.263763978523	41.3148047278	0.4
0.294730630804	0.228292075083	41.0644379368	0.4
0.486196111156	0.597792166561	41.7434382604	0.4
0.708156609624	0.76227984345	44.5497868027	0.4
0.915222406309	0.820880966886	43.1836562478	0.4
0.587824478235	0.537589303091	41.5310735223	0.4
0.205853311103	0.161250521661	39.4002729049	0.4
0.740384184664	0.643655309908	43.6711863579	0.4
0.907510454009	1.08223866792	43.7368323763	0.4
0.420490350433	0.209201155259	41.2842137143	0.4
0.996435892495	0.902087111586	43.9900278807	0.4
0.624782216362	0.690087057202	43.1221961818	0.4
0.983719617865	1.03464526578	44.9350474937	0.4
0.679090786589	0.581644292152	42.8184103917	0.4
0.695720477588	0.781449900031	43.8249079136	0.4
0.902477521716	0.97495111055	43.8165533463	0.4
0.495444734741	0.552634643544	42.4781335029	0.4
0.564659766381	0.587409289044	42.5127594297	0.4
0.0676378178308	0.230570426279	37.6794079828	0.4
0.8046280063	0.651688379417	43.5970370468	0.4
0.732139290653	0.714200626044	42.9734348603	0.4
0.962081966559	0.957437213329	43.6540428423	0.4
0.187603635364	0.236379610616	39.5060493754	0.4
0.656971938148	0.565549962815	42.7783176318	0.4
0.946036769958	0.897356159319	42.9058308618	0.4
0.571045899819	0.283566914643	42.4321214586	0.4
0.297348074283	0.277836832683	40.6300716623	0.4
0.813871532345	0.741534562194	43.3417378804	0.4
0.0154416854885	-0.0258251972026	34.4769330291	0.4
0.171531812208	0.247193222012	39.0100315849	0.4
0.129101048662	0.252593332557	39.0183019745	0.4
0.517764768038	0.493230249778	42.2837465442	0.4
0.207650928282	0.12572704587	40.0403735719	0.4
0.257232201434	0.237505755694	40.4247758755	0.4
0.575556679249	0.559509049685	42.8968507907	0.4
0.0457690885076	-0.00478741757427	36.5995650558	0.4
0.575676672025	0.458868104125	42.7851030337	0.4
0.680395378485	0.681568745322	43.2335404626	0.4
0.855169398788	0.832781220894	43.4092697112	0.4
0.539049848917	0.57575017317	43.3317097522	0.4
0.152329902556	0.0485386567466	39.0595177694	0.4
0.341824276841	0.36418138409	41.2661471552	0.4
0.635686462608	0.55015843951	43.2623190483	0.4
0.199489321078	0.10076602505	40.2593826086	0.4
0.738634429531	0.680032546996	43.0572160333	0.4
0.134902361885	0.167395461052	39.0445538337	0.4
0.512515500862	0.37410753442	42.3008216477	0.4
0.156683652328	0.0579234524211	39.1526730188	0.4
0.465988703887	0.432008304701	42.7795242082	0.4
0.554311427276	0.686675637349	42.4502159647	0.4
0.484207298127	0.36158198357	42.7671704522	0.4
0.971638378099	0.963566983507	43.9338213589	0.4
0.855934241771	0.798172966615	43.9496771861	0.4
0.693879653939	0.83543216174	43.6570609894	0.4
0.548934164099	0.522408978381	43.2466166075	0.4
0.0674860822113	0.0900089354779	38.0561650738	0.4
0.12079184047	0.215165208019	38.8429478292	0.4
0.898395286085	0.865099627889	44.2031060431	0.4
0.198923683239	0.133277744567	40.7845242161	0.4
0.391719330583	0.533863602567	40.5974920777	0.4
0.155412499645	0.0403668493546	40.025996813	0.4
0.35584621207	0.180570672694	41.3355324706	0.4
0.427024103064	0.581488386708	41.404724114	0.4
0.944812351318	1.02464957468	44.6820077559	0.4
0.188694542275	0.17850104978	39.9618013537	0.4
0.370493906444	0.429691045154	41.5609741311	0.4
0.703806506043	0.779627427696	43.5007176365	0.4
0.29274349318	0.352797569537	40.8168608695	0.4
0.917952823987	0.710941773605	43.4371288351	0.4
0.433726309587	0.459613969373	42.1644414391	0.4
0.610002900577	0.614303662122	42.4819292518	0.4
0.0471090575195	-0.0142438562915	36.2497226022	0.4
0.625314159674	0.598201474632	42.7940699688	0.4
0.784090041181	0.590312465786	43.4641784925	0.4
0.156346102188	0.179469667554	39.636401858	0.4
0.643883323394	0.518831082946	42.8977381939	0.4
0.365734957683	0.426824762232	42.1426475315	0.4
0.107128152341	0.233689845559	39.1234648598	0.4
0.361250975927	0.447422600291	41.4126086038	0.4
0.399860372386	0.353830009651	41.1086692275	0.4
0.281303041414	0.301567247392	41.1572261329	0.4
0.628400783301	0.659547138492	42.6648910144	0.4
0.470223699796	0.287514907067	42.3352513332	0.4
0.422826189657	0.367968043365	41.5345676665	0.4
0.39776161661	0.482515262524	41.533965056	0.4
0.586855412779	0.652690671872	42.9657591365	0.4
0.622826661302	0.541970533269	43.1243021806	0.4
0.594089997314	0.442099534016	42.4995199701	0.4
0.528203598332	0.438144979611	42.6562972127	0.4
0.999325161294	0.916943938239	44.6620127061	0.4
0.164175866792	0.185721071376	39.8706467442	0.4
0.300794755765	0.207081058692	40.5038260239	0.4
0.411748439262	0.510777768865	41.6447999507	0.4
0.105656920665	0.16532987799	38.1091077117	0.4
0.333491648612	0.278587284647	40.5815806727	0.4
0.825255893551	0.664740879375	43.0088193921	0.4
0.495052680921	0.385028897181	42.5538757684	0.4
0.265017111754	0.45392826655	40.4980703895	0.4
0.110221237324	0.291191596351	38.3081387595	0.4
0.561055391709	0.64340658899	42.5560718069	0.4
0.796152547445	0.638316823342	43.4273015285	0.4
0.139958102752	0.199770175045	38.6098370894	0.4
0.453224179878	0.526408590713	42.0587414132	0.4
0.606296128119	0.626123080499	43.2751374831	0.4
0.760659592472	0.76539001134	43.4951030329	0.4
0.895661376755	0.821758379119	44.2999042063	0.4
0.541201068693	0.813119695305	42.3096472131	0.4
0.347757050012	0.510209841121	40.5748180478	0.4
0.678436792176	0.691715628428	43.0708719069	0.4
0.113885538452	0.19361210743	38.9903521203	0.4
0.578067978192	0.562436256681	42.9488394591	0.4
0.163114181179	0.0358739376649	39.1446602143	0.4
0.0908056502223	0.14380508337	38.2171729228	0.4
0.760004586909	0.673270448102	43.1385169166	0.4
0.81835439616	0.837616245191	43.3742485204	0.4
0.23543124758	0.323394546332	40.8396543147	0.4
0.220246755534	0.314964257134	40.2503858047	0.4
0.578271074287	0.681278847669	43.361544893	0.4
0.885472326967	0.743404209022	43.8321776904	0.4
0.485207960141	0.587181874982	41.4855078838	0.4
0.631989918284	0.567329127897	42.6062525175	0.4
0.965489427805	1.00411204733	43.8003691832	0.4
0.12796113795	-0.0808112019014	39.385550089	0.4
0.925592286472	0.836638895644	44.4828221542	0.4
0.0904113515663	0.090554839947	38.2627242906	0.4
0.694663297411	0.921194389097	42.8718651868	0.4
0.127456431738	0.100611525042	39.4831824822	0.4
0.968702964946	0.871587357729	44.0438187143	0.4
0.739262550304	0.818377461666	43.005895079	0.4
0.296377127003	0.314272691668	41.4608597221	0.4
0.899723092254	0.75891945363	43.6015578984	0.4
0.208136479485	0.268606079049	40.1118716677	0.4
0.741213089115	0.782260536106	42.734614639	0.4
0.29447791109	0.303475692681	40.9888109723	0.4
0.186438137642	0.180089939894	40.1879259944	0.4
0.657708793145	0.82502503344	43.0348699009	0.4
0.537885944712	0.475773395957	42.4341135046	0.4
0.93988313855	0.961467011279	44.3796715514	0.4
0.553561592666	0.436789331139	43.1305786079	0.4
0.833611463556	0.847856404354	43.8534167872	0.4
0.191380448969	0.284545617586	40.2856330631	0.4
0.409578855892	0.403178818514	41.6207099879	0.4
0.631561658623	0.577624513518	42.8975510243	0.4
0.153470229688	0.193438504433	39.2879852526	0.4
0.0774748938749	0.0174590898115	37.6368849316	0.4
0.15281833546	0.292686763096	40.0006021959	0.4
0.433010134004	0.605216603768	42.4280796	0.4
0.273671021014	0.293774994203	40.7475998896	0.4
0.085304939606	0.18642025211	38.3252338154	0.4
0.520736510062	0.597893536857	42.794785881	0.4
0.801019803148	0.85236881545	43.5706645219	0.4
0.187254196051	0.00863610177409	39.3933182845	0.4
0.661806625771	0.587237235778	43.0611534215	0.4
0.62045887095	0.674508805598	42.8551269294	0.4
0.21995552738	0.261836697351	39.5763723656	0.4
0.629902412927	0.5164699121	42.9268960258	0.4
0.457472315037	0.333786571824	42.6024725431	0.4
0.627221554245	0.83002703397	42.7336073668	0.4
0.748164707542	0.558838622428	43.1353396084	0.4
0.107839501798	0.250684322694	39.3086990255	0.4
0.296909255317	0.195853993524	41.0168024382	0.4
0.374806325816	0.524008991937	41.1984016099	0.4
0.941056510314	0.988401642203	43.6485450374	0.4
0.576010419196	0.731218316429	42.2628400584	0.4
0.278824295127	0.108143509396	40.7452390167	0.4
0.993162488151	0.898496524257	43.8732146941	0.4
0.545424729432	0.60761537194	42.2458494733	0.4
0.510515573845	0.348111886999	42.4162757429	0.4
0.621105185544	0.604194393939	42.8874348987	0.4
0.472170484452	0.64368368897	42.0275065874	0.4
0.981234504082	0.957203038133	43.9824422214	0.4
0.357099890681	0.551358623763	41.2364873096	0.4
0.317166610916	0.28925194364	40.8025033091	0.4
0.0163342481321	0.0371454088237	33.9839848309	0.4
0.759126274293	0.778854989271	43.6004750584	0.4
0.997720467516	1.03452907058	44.0607739058	0.4
0.388740977096	0.398126462174	42.2390163498	0.4
0.88504572602	0.710527098172	43.3647565961	0.4
0.96747451818	1.10750980045	44.0854525276	0.4
0.189243484412	0.0341657323416	40.3071240601	0.4
0.0675163543473	0.00160494482651	37.7899703393	0.4
0.202703481531	0.271605063215	40.0101232265	0.4
0.638428109549	0.558691913106	42.9430120984	0.4
0.0574330191582	-0.0900700049564	37.1287405361	0.4
0.368526934347	0.446155525286	41.1903180943	0.4
0.485405480289	0.419069404958	43.1400212212	0.4
0.769276678771	0.70777279652	43.5543869185	0.4
0.0880518684936	-0.117977712206	38.5778763998	0.4
0.080504626859	0.0153103355459	37.653404477	0.4
0.232332210065	0.109502754428	41.1279777448	0.4
0.370846477486	0.199599171636	41.2892068871	0.4
0.755458472264	0.775025954092	42.8191388705	0.4
0.778566987288	0.598721991712	43.6134141244	0.4
0.617679957326	0.641551985018	43.700989758	0.4
0.45859129272	0.775158976024	42.0481743115	0.4
0.588370433643	0.643942099259	43.20459808	0.4
0.759565024456	0.896783241953	43.9336804832	0.4
0.0772310381205	-0.0885419400933	38.2380896925	0.4
0.484325999541	0.663755415937	42.1309526295	0.4
0.89908483453	0.917494691712	43.9386394991	0.4
0.826390587381	0.910002728156	43.1928583542	0.4
0.544415553129	0.438722482577	42.2757411003	0.4
0.289258986708	0.0793076135548	40.9788259626	0.4
0.276620505471	0.250800688482	40.3922682593	0.4
0.508146368138	0.512108362764	42.4469450875	0.4
0.387505683511	0.439093914401	40.7845019894	0.4
0.357037229682	-0.00527869421712	41.7065773274	0.4
0.318420940143	0.264633207533	41.5516381385	0.4
0.975364416973	0.992989009583	43.7937238169	0.4
0.829715245271	0.942657867218	43.257574777	0.4
0.758840467926	0.843744215821	43.3594329445	0.4
0.295042553842	0.277871881483	41.1478237558	0.4
0.31294431305	0.301709272556	40.850940727	0.4
0.373928853985	0.46778484215	41.1152116178	0.4
0.290803389914	0.36339752137	40.767957168	0.4
0.574968972269	0.617291034974	42.5619087269	0.4
0.241598842059	0.324450963769	40.2572589378	0.4
0.92169157287	0.984982620056	44.3960494318	0.4
0.0907005926419	-0.0111033400818	38.2800484413	0.4
0.70928279334	0.922091701362	43.1749673813	0.4
0.345457981552	0.155576670707	41.6044818001	0.4
0.953533965467	0.950544011391	43.8130202561	0.4
0.743710447038	0.607367569346	43.6657959611	0.4
0.281902941989	0.178168656032	41.1409601534	0.4
0.382705669826	0.330757431547	41.307931512	0.4
0.170578329731	0.11468712975	39.6983714883	0.4
0.308620411044	0.463358023657	41.7586024344	0.4
0.587777739224	0.620261549463	43.5042560612	0.4
0.215456640463	0.177852233387	40.1208460393	0.4
0.877915499212	1.16418494762	43.7684475381	0.4
0.411956951056	0.477060084206	42.1329264821	0.4
0.429746294241	0.33299613331	42.4826156538	0.4
0.975508590263	0.937188239149	44.0837738725	0.4
0.617019629492	0.583962335699	42.8657329361	0.4
0.620741564326	0.672300231588	43.3078346604	0.4
0.27510321525	0.347935676626	41.4080787014	0.4
0.354743735565	0.333532541857	41.5427553681	0.4
0.98366522351	1.00538177666	43.9241750499	0.4
0.685175716795	0.735051476918	43.4517561932	0.4
0.917175027931	1.19865801679	45.0092356045	0.4
0.988491111941	0.994559952238	44.1918078062	0.4
0.816935617823	0.841477091394	43.1985179339	0.4
0.585524315074	0.688217494365	42.6046346705	0.4
0.489892460159	0.626383481633	41.8949971373	0.4
0.907872127276	0.840143768565	43.8819053678	0.4
0.554241235903	0.532934871213	42.4924299391	0.4
0.333183224769	0.330633679282	41.108869989	0.4
0.159754301894	0.0619084652916	39.4014337406	0.4
0.109289959999	-0.0549001856277	38.2655377921	0.4
0.189215040677	0.0716282900067	39.704262763	0.4
0.638994851229	0.600192885683	43.4010455302	0.4
0.509620748327	0.395344136194	42.621202821	0.4
0.577474455159	0.523650538187	43.2867833165	0.4
0.766382465813	0.704190081434	44.1243256923	0.4
0.984627863446	1.02343047376	43.852444972	0.4
0.0998052296507	0.230634641019	39.0700204493	0.4
0.0184179845913	0.223321030738	34.7594969183	0.4
0.0725807819514	-0.12683715783	37.7145155583	0.4
0.824048178464	0.810615160368	43.190658195	0.4
0.685555633029	0.736363514437	43.0947996049	0.4
0.965444767771	0.942693589973	45.0570003862	0.4
0.640575081458	0.638811692493	43.2656918898	0.4
0.632171129462	0.582453002218	42.7672255539	0.4
0.66907876346	0.517144651306	42.9913378784	0.4
0.871719529839	0.704718016218	43.8119557803	0.4
0.443796190075	0.390981402233	41.9147120047	0.4
0.297070253335	0.279839539052	40.8609341207	0.4
0.589671160064	0.675136431762	42.2863298256	0.4
0.660097766337	0.582776580292	42.8954847658	0.4
0.757045969675	0.716712794848	42.7245868482	0.4
0.164817715879	0.202220958492	40.1684074225	0.4
0.655885774046	0.690214563135	43.0814153633	0.4
0.383793274783	0.414898118469	42.3427364405	0.4
0.125009807169	0.363572143951	38.4823176533	0.4
0.882733677607	0.882098476626	43.7633098925	0.4
0.689144685991	0.821932276255	43.4002070625	0.4
0.89106916604	0.739646171909	44.0465366219	0.4
0.974395378603	1.01409176284	43.8700487504	0.4
0.0807103460989	0.211719353962	38.3999519128	0.4
0.241912748842	0.271477887536	40.6231599907	0.4
0.434874173029	0.527324767013	42.770536175	0.4
0.840501224236	0.775635944245	44.0747665026	0.4
0.44750778024	0.521797173088	41.4847008199	0.4
0.610466158394	0.575806371173	42.7911756238	0.4
0.544075410572	0.568795126409	42.3376475282	0.4
0.431814871513	0.399418349999	42.0937840886	0.4
0.372696522271	0.235949554774	41.6377213944	0.4
0.33096759877	0.227882594526	40.9264856353	0.4
0.0723905729575	0.0407893601929	37.7642374384	0.4
0.928982048617	1.03102994075	43.3047620529	0.4
0.916149473489	0.806889711066	43.9143630406	0.4
0.85619867733	0.729630430454	44.0954058559	0.4
0.480829546696	0.485403102909	41.6878068345	0.4
0.555492252088	0.558706575734	42.9474091716	0.4
0.988958674419	0.929001477087	44.6606280155	0.4
0.529835792591	0.566878856404	42.4281557974	0.4
0.460321920808	0.580681626698	41.6024253978	0.4
0.840252895706	0.82270143874	43.244419553	0.4
0.669607486903	0.690468677602	43.7029384644	0.4
0.958033435824	0.896182871953	43.7416433638	0.4
0.871883777354	0.857755278218	43.3342048005	0.4
0.171140449353	0.212997222328	38.7714134549	0.4
0.847900789798	0.775395518253	43.3347577224	0.4
0.44295034386	0.587346208594	41.7485746828	0.4
0.180401804181	0.0398059056491	39.4205180347	0.4
0.0308194797819	-0.131672609219	35.7832831204	0.4
0.325003398675	0.265432718418	41.307999889	0.4
0.54158329185	0.529882813289	42.5654024923	0.4
0.138808679067	0.123042391987	39.2121157075	0.4
0.217240349573	0.133551339421	40.5977893126	0.4
0.676623395888	0.776668467576	42.7474019052	0.4
0.270878682889	0.0561054088176	40.4996689534	0.4
0.686342705244	0.689902015232	43.5765126047	0.4
0.874407661332	0.877791771385	44.0567530437	0.4
0.256514159177	0.231844750736	40.3088988739	0.4
0.31128758131	0.384456415761	40.2318873468	0.4
0.818040298479	0.755310229205	43.1157718756	0.4
0.826924794195	0.829842985525	44.0002264939	0.4
0.536076693309	0.619143282721	42.7062876913	0.4
0.360125085434	0.44373539043	41.6220497726	0.4
0.155517883321	0.0613138302	39.8355500721	0.4
0.715117057848	0.783548846042	43.5310573249	0.4
0.125349708489	0.24389370759	38.7203025268	0.4
0.179387196606	0.0756043568954	39.946118436	0.4
0.640329428238	0.553300290433	43.3564845009	0.4
0.928446229426	0.986364514902	43.3819990917	0.4
0.761832542079	0.583408781955	43.0348851141	0.4
0.234772443684	0.399474658661	39.9401406297	0.4
0.6254290381	0.691397313637	42.6817242	0.4
0.475854101631	0.544994417065	41.2067574906	0.4
0.153259963123	0.276239734921	39.3885040761	0.4
0.843361649504	0.90361775868	43.9475209711	0.4
0.465559730029	0.485157181043	41.9561366723	0.4
0.902366374797	0.962399525859	43.4081890904	0.4
0.94351579433	0.99208788705	43.8431495204	0.4
0.360390862958	0.397835753929	41.3896698756	0.4
0.846575692277	0.87117638462	44.0415881194	0.4
0.884654527728	1.00279429316	44.3048651916	0.4
0.149451296959	0.28462888918	39.1391565062	0.4
0.609902863934	0.728447894463	42.53212637	0.4
0.702758211247	0.671861299954	43.0966824737	0.4
0.230825895821	0.112518713895	40.7270494783	0.4
0.158069629344	0.109308829061	38.7763235737	0.4
0.0454222836874	-0.02848260822	36.5436262566	0.4
0.410248572276	0.272247414745	42.185337098	0.4
0.529089503946	0.60968082492	42.8324139436	0.4
0.668739949466	0.402918092075	43.711225399	0.4
0.894573610892	1.04751387338	43.5600189808	0.4
0.386057176857	0.522816542719	41.667917318	0.4
0.570530959424	0.442395906342	42.3199536816	0.4
0.282488211128	0.249034433877	40.5463714919	0.4
0.747829819932	0.637846404346	43.759508149	0.4
0.292664502687	0.168769279897	41.5538574215	0.4
0.93891919048	1.05414078816	44.6914397735	0.4
0.197983694814	0.119903273694	40.708636142	0.4
0.290853711303	0.264141520328	41.3777295087	0.4
0.608426848071	0.555851088107	42.8895997612	0.4
0.51249543007	0.551306453695	42.3586387804	0.4
0.302213217953	0.255287334664	40.9297110787	0.4
0.0371630147017	-0.0679160771978	36.5179133533	0.4
0.4862659974	0.325023540805	42.876510769	0.4
0.419706931006	0.434165837735	41.4671311842	0.4
0.233867079366	0.159648751303	41.2002309136	0.4
0.824990122275	0.869885760971	43.3350477519	0.4
0.341225772107	0.35800294145	41.1448599438	0.4
0.158220216838	0.14570410679	39.9395217251	0.4
0.628846501951	0.544029175736	43.1887866333	0.4
0.292730631192	0.527734471348	40.7858388642	0.4
0.838851479828	0.765403203649	43.2357360611	0.4
0.841267028929	0.982526472207	43.6531432213	0.4
0.247088998099	0.224030299809	39.898173496	0.4
0.658356459096	0.603993584044	42.970065227	0.4
0.114181637821	0.201539401862	38.3723244372	0.4
0.782372390744	0.880212693148	44.0344844892	0.4
0.898671668384	0.86473364765	44.4954935307	0.4
0.429121054073	0.406350982362	42.6793254994	0.4
0.506336363167	0.627309417152	42.108909326	0.4
0.715662947874	0.630890696261	43.7124472991	0.4
0.695166948711	0.612975164436	43.2363201482	0.4
0.884547304677	0.953893307794	44.1956070005	0.4
0.97580617467	1.07127251977	44.0813129279	0.4
0.795770566598	0.847494963367	43.6755651605	0.4
0.300927518279	0.338521810272	40.547217519	0.4
0.707480156612	0.726330821784	42.5843963233	0.4
0.456662245853	0.274184220211	41.9877681767	0.4
0.689114348946	0.610218260352	43.3651219994	0.4
0.240963048779	0.121096518383	39.9593973285	0.4
0.0626492674594	0.0259548400017	37.9222431948	0.4
0.674273410161	0.6302927403	42.7614207272	0.4
0.0336037114827	0.122535776088	35.7982914644	0.4
0.714772034761	0.748078859327	43.1502594094	0.4
0.600132999239	0.52110270711	42.5353588361	0.4
0.252651656274	0.000786663045628	40.4599385573	0.4
0.936072836409	0.94210174773	43.6546182646	0.4
0.400819580035	0.350500365793	41.8249408592	0.4
0.284250901331	0.25434449478	40.8734058849	0.4
0.260774166404	0.174248896914	41.2596565376	0.4
0.275160887581	0.19748641357	40.2966493499	0.4
0.671770891135	0.648177179975	43.0662871555	0.4
0.610408381613	0.615069805649	42.6431254309	0.4
0.880370018182	0.974093462889	43.3654794473	0.4
0.513300969027	0.36138274551	43.2045614891	0.4
0.713107001089	0.775511694089	43.6331924415	0.4
0.140897602358	0.0598288453899	39.1517162947	0.4
0.977681386059	0.74960606846	44.8632936078	0.4
0.296569641901	0.25097865107	41.3271720978	0.4
0.422670712299	0.425351021219	41.7556661214	0.4
0.616254457114	0.520601703952	42.4270794466	0.4
0.949123819242	0.880579660292	44.4600181851	0.4
0.324893715863	0.460433740764	41.0002144353	0.4
0.475265267166	0.638399102641	42.0424818129	0.4
0.96820586352	0.984498640132	44.1610006312	0.4
0.484203978714	0.519731313012	42.5876166448	0.4
0.245147311828	0.297480266674	40.8802759411	0.4
0.836370322607	0.767616893839	43.9464003301	0.4
0.897374434869	0.97158588881	43.7966741345	0.4
0.933471947244	1.08453749947	44.0181903417	0.4
0.866573074252	0.928349497692	43.7041807356	0.4
0.796579815034	0.664843611696	43.3706118824	0.4
0.533082019682	0.589889653653	42.3488644258	0.4
0.30263323321	0.540430357705	41.5368327331	0.4
0.388351496438	0.438021878651	42.1619668894	0.4
0.784165595683	0.707576935384	42.9984964709	0.4
0.314121885688	0.287757719041	40.0996389353	0.4
0.71900045662	0.834942347767	43.3324409596	0.4
0.0223974556214	-0.0133833906975	35.5281803372	0.4
0.0920813310585	0.0870350846453	38.2806881956	0.4
0.809973141079	0.589011956177	42.755081441	0.4
0.195057899019	0.223881779917	39.3285350154	0.4
0.0223729162076	0.0844532596426	35.2418500199	0.4
0.388562403291	0.330369614524	42.0310133267	0.4
0.728856805096	0.711302104901	43.1047127365	0.4
0.957412646391	0.919780140209	44.2187972797	0.4
0.223616186648	0.446845771397	40.1669313912	0.4
0.331572980233	0.305770156196	41.6624623599	0.4
0.0505118077206	0.296131674386	36.9681090979	0.4
0.18902675538	0.328142302217	40.3520370463	0.4
0.509264399538	0.519102888548	41.8678939009	0.4
0.404076584184	0.474140197138	42.4512488323	0.4
0.293258983936	0.441045979	41.1808300124	0.4
0.445526785477	0.505732723805	42.3834501965	0.4
0.518267925656	0.471665067728	42.3930253211	0.4
0.425199128928	0.488157420269	41.8781426796	0.4
0.512527908044	0.624562043838	41.8282278444	0.4
0.445936024566	0.297930886748	41.9772050687	0.4
0.112401062743	0.0218354864373	38.4469112545	0.4
0.903605373085	1.02269910341	44.0971792465	0.4
0.29109611261	0.347596630572	40.6639165266	0.4
0.683819394705	0.66379896551	43.6423333027	0.4
0.209621979885	0.183922867385	40.3813449647	0.4
0.715567953758	0.84332023875	43.6186035136	0.4
0.723968905564	0.660741176476	42.7314734896	0.4
0.880138898733	1.05890773925	43.8354722405	0.4
0.195349116284	0.208111777882	40.0101446678	0.4
0.58254385649	0.758207113171	42.5641776869	0.4
0.395502025837	0.466386423327	41.7912163537	0.4
0.734827460426	0.746063370639	43.4053370913	0.4
0.0628630368933	0.0219119365806	37.0191007597	0.4
0.109840559294	0.221625570418	38.7140381461	0.4
0.0590286114156	0.223918867403	37.547180019	0.4
0.881284941897	0.654515805761	43.5196494241	0.4
0.621704808997	0.674349391725	42.946567841	0.4
0.0816070861821	-0.0658771986771	38.2044012837	0.4
0.036711542176	-0.202878894438	36.4433432417	0.4
0.610634538081	0.662374097656	43.3088929146	0.4
0.537204045819	0.420631747079	42.4393275132	0.4
0.237401085878	0.374026528745	40.0159205848	0.4
0.596976468599	0.482375762178	42.6294072191	0.4
0.211101601811	0.243895351817	40.2142864811	0.4
0.0236420866842	0.158679263343	35.0956913746	0.4
0.129494179262	0.220576076493	39.4512996327	0.4
0.0213890359206	-0.00373665435746	34.972023734	0.4
0.604631440106	0.611439337942	42.6434849582	0.4
0.949984803292	0.869821901503	44.2773074879	0.4
0.0437167154274	0.0791218510215	36.7165983796	0.4
0.570926725531	0.499301756928	42.9186928867	0.4
0.798660474545	0.822125853991	43.7493186498	0.4
0.718624081568	0.668051082054	42.6523566784	0.4
0.729407553005	0.568552597064	43.2080871294	0.4
0.703975507482	0.751905165798	43.0346740067	0.4
0.985526441209	1.06299876017	43.8839431574	0.4
0.523601931042	0.406954159342	42.3621653608	0.4
0.58595722944	0.689055429647	42.6039857964	0.4
0.467694145048	0.481337888783	42.3495189757	0.4
0.447155666958	0.520251198073	41.7953291721	0.4
0.785763094939	0.841054711771	43.609367151	0.4
0.339148646692	0.284078646859	40.870143426	0.4
0.899428322302	1.04993304085	43.6242967196	0.4
0.862728536229	0.729775280037	43.787138608	0.4
0.229724102709	0.0886507587582	39.815771712	0.4
0.895370274463	0.888827573056	44.2337470747	0.4
0.906552997984	1.14046674553	44.3195814688	0.4
0.98780265165	1.00578569851	44.8222708267	0.4
0.847148633751	0.794943980069	43.7329347448	0.4
0.0980188495985	0.154185454421	38.3775875303	0.4
0.710532225313	0.718842862469	43.3166030725	0.4
0.887561383114	0.891267413509	44.0820887301	0.4
0.511326888777	0.488320376911	42.0903152194	0.4
0.860252980399	0.952657947388	43.6170603567	0.4
0.678768569129	0.709316970354	43.4252657059	0.4
0.137106724099	0.420425685965	39.0505850893	0.4
0.531716944361	0.613391042576	42.7147401242	0.4
0.152247972299	0.0890363069392	38.9302961184	0.4
0.723557341801	0.758604272702	42.3690104623	0.4
0.740470768011	0.706220127238	43.0158088176	0.4
0.545392561138	0.580372932294	42.7205843733	0.4
0.786873259604	0.716506672123	43.5845094224	0.4
0.0752572918434	0.151691920206	37.7221443979	0.4
0.169864843584	0.150923760171	39.649291866	0.4
0.462728216965	0.595031126712	41.9777630148	0.4
0.804559398214	0.747617763965	44.3574678303	0.4
0.449290696697	0.428334896167	42.3547008585	0.4
0.0561789801953	0.222591518116	36.7656061336	0.4
0.620717860929	0.377140169519	43.4569797106	0.4
0.460259477921	0.540264931037	41.6190621728	0.4
0.554254815458	0.520061032766	42.7967032746	0.4
0.370208729992	0.329797914629	41.3601614008	0.4
0.87714470898	0.896035304067	43.5075370791	0.4
0.0732584501235	-0.0352944679559	38.4892386148	0.4
0.390239075721	0.401375846902	41.4044707619	0.4
0.902168031906	0.973703594552	43.8446812483	0.4
0.199140647185	0.237325887571	39.5818414156	0.4
0.118014831158	-0.122155099629	38.4597908043	0.4
0.86717138091	1.0462719747	44.5470222304	0.4
0.571262174128	0.60400603303	42.1542720342	0.4
0.544716495283	0.438474645971	41.8774948781	0.4
0.367425574598	0.349695428379	42.226927947	0.4
0.48542567917	0.41540353657	42.5546415875	0.4
0.730047973893	0.663878068863	43.593387585	0.4
0.634798649698	0.680038148348	43.8671026735	0.4
0.0355883583191	-0.0739134304374	35.8383457635	0.4
0.200752238948	0.279689615834	40.3148754468	0.4
0.53197177257	0.441928623759	42.4393095044	0.4
0.59925377489	0.602092255829	42.6597045698	0.4
0.856092177806	0.830883316485	43.3832679284	0.4
0.337805203249	0.367934454773	41.5165453981	0.4
0.568817374271	0.715166324285	42.8664217008	0.4
0.524592473177	0.704052969294	42.3739729833	0.4
0.242607474353	0.123129223967	40.839333662	0.4
0.258344755745	0.0864223230192	40.5375293415	0.4
0.108220017901	-0.0821892219501	38.1681251536	0.4
0.0518753584502	0.0270976442893	36.2668208988	0.4
0.611059679946	0.48373491881	42.9763446863	0.4
0.515496698241	0.417109134715	42.7186876511	0.4
0.351580281299	0.425459548959	41.6635835897	0.4
0.142070823338	0.300973837913	39.3535712987	0.4
0.016547014558	0.150944401655	34.5139715154	0.4
0.901952289534	0.982110569817	43.6218557271	0.4
0.699957579908	0.680215711784	43.2152804626	0.4
0.321450196477	0.331955051216	41.2653289558	0.4
0.74370603585	0.791103934711	43.2331637841	0.4
0.540396941542	0.649032331825	42.2555213932	0.4
0.796475188584	0.727430526197	43.7711638976	0.4
0.92276022499	1.01021875164	43.709721824	0.4
0.125545966408	0.0766555553886	39.3834336745	0.4
0.147805880118	0.165069103469	38.8162164734	0.4
0.504432291356	0.459006416093	42.3103949121	0.4
0.424773231367	0.419157131571	41.587691036	0.4
0.0252067976976	0.00133016111717	35.8375389885	0.4
0.830542756964	0.901913388807	43.7812455226	0.4
0.139432257289	0.289239111282	39.0434232466	0.4
0.681296156837	0.720433514031	43.4143549225	0.4
0.735697024493	0.894895844852	44.2834438384	0.4
0.174392702894	0.193364314083	40.3559739587	0.4
0.730200617949	0.738169944451	42.4905556448	0.4
