# Error in z 0.04*(1+z) 
# Error in mu 0.20 for Ia and 1.50 for nonaIa 
# Type=1 for Ia, 0 otherwise 
# cor_z=1 if z_obs correct host, 0 otherwise 
# z_true z_obs z_2 mu_t mu_o type cor_z 
0.016	0.016	0.016	34.207	34.273	1	1
0.016	0.016	0.016	34.254	34.187	1	1
0.02	0.02	0.02	34.716	34.583	1	1
0.021	0.021	0.021	34.911	34.969	1	1
0.022	0.022	0.022	34.954	34.794	1	1
0.024	0.024	0.024	35.147	35.047	1	1
0.025	0.025	0.025	35.255	35.33	1	1
0.025	0.025	0.025	35.282	35.58	1	1
0.025	0.025	0.025	35.282	35.285	1	1
0.025	0.025	0.025	35.289	35.254	1	1
0.026	0.026	0.026	35.312	35.176	1	1
0.026	0.026	0.026	35.344	35.237	1	1
0.026	0.026	0.026	35.374	35.15	1	1
0.027	0.027	0.027	35.413	35.379	1	1
0.028	0.028	0.028	35.486	35.712	1	1
0.028	0.028	0.028	35.524	35.657	1	1
0.029	0.029	0.029	35.555	35.277	1	1
0.03	0.03	0.03	35.679	36.013	1	1
0.03	0.03	0.03	35.682	35.704	1	1
0.03	0.03	0.03	35.692	35.647	1	1
0.03	0.03	0.03	35.7	35.524	1	1
0.032	0.032	0.032	35.78	35.752	1	1
0.035	0.035	0.035	35.98	35.846	1	1
0.035	0.035	0.035	35.994	36.246	1	1
0.035	0.035	0.035	35.995	35.839	1	1
0.035	0.035	0.035	36.038	35.934	1	1
0.036	0.036	0.036	36.093	35.818	1	1
0.038	0.038	0.038	36.215	36.174	1	1
0.041	0.041	0.041	36.371	36.285	1	1
0.043	0.043	0.043	36.453	36.547	1	1
0.044	0.044	0.044	36.519	36.627	1	1
0.046	0.046	0.046	36.608	36.404	1	1
0.046	0.046	0.046	36.633	36.647	1	1
0.047	0.047	0.047	36.649	36.612	1	1
0.047	0.047	0.047	36.672	36.935	1	1
0.05	0.05	0.05	36.796	36.813	1	1
0.052	0.052	0.052	36.894	36.616	1	1
0.054	0.054	0.054	36.996	37.14	1	1
0.056	0.056	0.056	37.046	37.229	1	1
0.056	0.056	0.056	37.054	36.898	1	1
0.056	0.056	0.056	37.062	37.034	1	1
0.057	0.057	0.057	37.091	37.342	1	1
0.057	0.057	0.057	37.092	36.974	1	1
0.057	0.057	0.057	37.113	37.087	1	1
0.058	0.058	0.058	37.157	37.301	1	1
0.059	0.059	0.059	37.159	37.025	1	1
0.062	0.062	0.062	37.277	37.31	1	1
0.062	0.062	0.062	37.281	37.34	1	1
0.063	0.063	0.063	37.332	37.31	1	1
0.064	0.064	0.064	37.372	37.301	1	1
0.064	0.064	0.064	37.38	37.397	1	1
0.066	0.066	0.066	37.436	37.717	1	1
0.067	0.067	0.067	37.452	37.432	1	1
0.067	0.067	0.067	37.482	37.27	1	1
0.067	0.067	0.067	37.483	37.066	1	1
0.068	0.068	0.068	37.505	37.73	1	1
0.068	0.068	0.068	37.508	37.635	1	1
0.069	0.069	0.069	37.527	37.758	1	1
0.069	0.069	0.069	37.529	37.196	1	1
0.069	0.069	0.069	37.533	37.252	1	1
0.07	0.07	0.07	37.578	37.541	1	1
0.072	0.072	0.072	37.617	37.628	1	1
0.072	0.072	0.072	37.632	37.489	1	1
0.073	0.073	0.073	37.662	38.025	1	1
0.075	0.075	0.075	37.735	37.499	1	1
0.076	0.076	0.076	37.752	37.822	1	1
0.077	0.077	0.077	37.774	38.137	1	1
0.078	0.078	0.078	37.804	37.856	1	1
0.078	0.078	0.078	37.814	37.956	1	1
0.079	0.079	0.079	37.841	37.921	1	1
0.079	0.079	0.079	37.855	37.839	1	1
0.08	0.08	0.08	37.877	38.144	1	1
0.082	0.082	0.082	37.925	37.816	1	1
0.083	0.083	0.083	37.956	38.082	1	1
0.086	0.086	0.086	38.036	38.32	1	1
0.091	0.091	0.091	38.168	38.136	1	1
0.094	0.094	0.094	38.232	38.229	1	1
0.094	0.094	0.094	38.245	38.229	1	1
0.095	0.095	0.095	38.276	38.296	1	1
0.096	0.096	0.096	38.292	38.482	1	1
0.096	0.096	0.096	38.293	38.306	1	1
0.103	0.103	0.197	38.458	38.524	1	1
0.105	0.105	0.162	38.496	38.668	1	1
0.106	0.019	0.106	38.512	38.652	1	0
0.106	0.106	0.078	38.519	38.929	1	1
0.107	0.107	0.041	38.546	38.666	1	1
0.109	0.109	0.07	38.594	38.703	1	1
0.11	0.11	0.171	38.597	38.745	1	1
0.11	0.11	0.098	38.609	38.182	1	1
0.111	0.111	0.005	38.618	38.962	1	1
0.111	0.111	0.116	38.625	38.559	1	1
0.111	0.111	0.205	38.625	38.986	1	1
0.112	0.112	0.191	38.64	38.076	1	1
0.112	0.112	0.026	38.658	38.711	1	1
0.113	0.133	0.113	38.677	38.792	1	0
0.114	0.114	0.008	38.692	38.914	1	1
0.115	0.115	0.223	38.701	38.673	1	1
0.115	0.115	0.005	38.707	38.754	1	1
0.116	0.116	0.168	38.736	38.917	1	1
0.117	0.117	0.113	38.745	38.524	1	1
0.117	0.117	0.167	38.748	38.752	1	1
0.118	0.118	0.012	38.773	38.921	1	1
0.119	0.119	0.149	38.789	38.642	1	1
0.119	0.119	0.025	38.792	39.099	1	1
0.12	0.12	0.417	38.803	38.664	1	1
0.12	0.12	0.149	38.811	38.82	1	1
0.12	0.07	0.12	38.817	39.009	1	0
0.122	0.122	0.071	38.841	39.022	1	1
0.123	0.123	0.137	38.872	38.481	0	1
0.124	0.084	0.124	38.882	38.602	1	0
0.124	0.124	0.077	38.884	38.865	1	1
0.126	0.126	0.069	38.932	40.19	0	1
0.13	0.13	0.32	38.996	39.089	1	1
0.131	0.131	0.101	39.012	38.943	1	1
0.132	0.132	0.055	39.034	42.277	0	1
0.132	0.021	0.132	39.038	38.864	1	0
0.132	0.132	0.152	39.04	39.128	1	1
0.133	0.133	0.18	39.047	38.87	1	1
0.133	0.133	0.073	39.048	38.696	1	1
0.133	0.133	0.205	39.056	39.316	1	1
0.134	0.134	0.039	39.062	39.072	1	1
0.134	0.134	0.077	39.063	39.019	1	1
0.135	0.135	0.161	39.079	38.8	1	1
0.135	0.135	0.096	39.08	39.025	1	1
0.136	0.136	0.019	39.097	39.002	1	1
0.136	0.136	0.121	39.097	39.123	1	1
0.138	0.138	0.154	39.132	39.262	1	1
0.139	0.139	0.216	39.148	39.101	1	1
0.14	0.308	0.14	39.166	39.197	1	0
0.141	0.141	0.044	39.193	39.378	1	1
0.141	0.141	0.265	39.195	41.651	0	1
0.142	0.076	0.142	39.204	39.145	1	0
0.142	0.142	0.268	39.206	39.426	1	1
0.142	0.142	0.103	39.207	39.559	1	1
0.143	0.143	0.315	39.221	39.282	1	1
0.147	0.147	0.11	39.294	39.511	1	1
0.148	0.148	0.167	39.299	39.285	1	1
0.148	0.148	0.15	39.309	39.046	1	1
0.15	0.15	0.208	39.334	39.498	1	1
0.153	0.177	0.153	39.379	42.671	0	0
0.153	0.153	0.237	39.379	39.079	1	1
0.153	0.153	0.074	39.388	39.14	1	1
0.154	0.154	0.038	39.401	39.486	1	1
0.156	0.275	0.156	39.421	39.417	1	0
0.157	0.157	0.093	39.437	39.331	1	1
0.157	0.157	0.321	39.449	39.404	1	1
0.158	0.176	0.158	39.457	39.397	1	0
0.158	0.158	0.019	39.465	39.727	1	1
0.159	0.159	0.205	39.48	39.741	1	1
0.161	0.161	0.126	39.5	39.76	0	1
0.161	0.161	0.009	39.502	39.235	1	1
0.162	0.162	0.125	39.512	39.276	1	1
0.165	0.165	0.194	39.56	39.579	1	1
0.168	0.168	0.239	39.605	42.195	0	1
0.168	0.168	0.102	39.606	39.421	1	1
0.169	0.169	0.275	39.622	39.448	1	1
0.17	0.17	0.14	39.639	39.812	1	1
0.171	0.171	0.076	39.642	39.361	1	1
0.172	0.172	0.331	39.659	39.529	1	1
0.172	0.172	0.182	39.661	39.484	1	1
0.172	0.172	0.095	39.661	39.832	1	1
0.172	0.271	0.172	39.667	39.811	1	0
0.172	0.172	0.232	39.667	42.037	0	1
0.174	0.24	0.174	39.686	39.958	1	0
0.174	0.242	0.174	39.695	39.569	1	0
0.174	0.174	0.061	39.695	39.559	1	1
0.175	0.175	0.195	39.702	39.684	1	1
0.176	0.176	0.262	39.72	39.982	1	1
0.177	0.177	0.054	39.728	39.327	1	1
0.177	0.177	0.104	39.732	40.015	1	1
0.177	0.177	0.013	39.733	39.596	1	1
0.178	0.178	0.184	39.746	39.485	1	1
0.179	0.179	0.313	39.751	39.666	1	1
0.179	0.179	0.129	39.756	39.738	1	1
0.18	0.18	0.13	39.774	39.93	1	1
0.184	0.132	0.184	39.823	39.822	1	0
0.186	0.186	0.33	39.844	39.811	1	1
0.186	0.186	0.203	39.844	39.732	1	1
0.19	0.19	0.338	39.9	40.125	1	1
0.191	0.191	0.086	39.908	39.843	1	1
0.191	0.191	0.063	39.91	39.981	1	1
0.191	0.191	0.256	39.914	39.752	1	1
0.191	0.191	0.116	39.917	40.093	1	1
0.193	0.193	0.211	39.94	40.292	1	1
0.194	0.337	0.194	39.952	40.022	1	0
0.196	0.196	0.209	39.975	40.189	1	1
0.196	0.196	0.216	39.977	39.571	1	1
0.199	0.134	0.199	40.015	40.053	1	0
0.201	0.022	0.201	40.033	40.102	1	0
0.201	0.201	0.254	40.033	40.039	1	1
0.201	0.201	0.364	40.034	39.728	1	1
0.202	0.202	0.245	40.054	40.061	1	1
0.203	0.203	0.24	40.062	39.971	1	1
0.203	0.203	0.359	40.062	39.907	1	1
0.203	0.203	0.283	40.066	40.247	1	1
0.204	0.204	0.189	40.069	40.152	1	1
0.205	0.205	0.17	40.085	40.119	1	1
0.205	0.205	0.077	40.087	42.924	0	1
0.206	0.206	0.29	40.096	40.231	1	1
0.208	0.208	0.219	40.12	40.055	1	1
0.208	0.208	0.182	40.125	39.769	1	1
0.211	0.211	0.142	40.15	45.451	0	1
0.211	0.211	0.112	40.152	39.887	1	1
0.211	0.211	0.032	40.153	40.234	1	1
0.212	0.212	0.146	40.162	40.173	1	1
0.212	0.277	0.212	40.172	40.174	1	0
0.213	0.213	0.245	40.177	40.14	1	1
0.214	0.161	0.214	40.186	40.097	1	0
0.215	0.215	0.21	40.204	39.981	1	1
0.215	0.215	0.05	40.204	40.202	1	1
0.218	0.183	0.218	40.229	40.215	1	0
0.22	0.22	0.247	40.251	40.509	1	1
0.222	0.222	0.176	40.28	40.334	1	1
0.222	0.222	0.372	40.284	40.425	1	1
0.223	0.223	0.015	40.288	40.042	1	1
0.224	0.27	0.224	40.297	40.698	1	0
0.225	0.225	0.247	40.315	40.357	1	1
0.226	0.145	0.226	40.324	40.584	1	0
0.226	0.226	0.35	40.327	40.277	1	1
0.232	0.232	0.302	40.383	40.391	1	1
0.233	0.233	0.438	40.397	40.614	1	1
0.233	0.233	0.171	40.401	40.423	1	1
0.235	0.235	0.133	40.413	40.508	1	1
0.236	0.236	0.271	40.432	40.337	1	1
0.237	0.237	0.25	40.442	40.515	1	1
0.242	0.279	0.242	40.485	40.577	1	0
0.242	0.242	0.152	40.491	40.574	1	1
0.243	0.243	0.247	40.5	47.986	0	1
0.245	0.245	0.245	40.517	40.398	1	1
0.246	0.246	0.33	40.534	40.398	1	1
0.247	0.247	0.319	40.54	40.258	1	1
0.248	0.248	0.143	40.547	40.942	1	1
0.248	0.235	0.248	40.552	40.55	1	0
0.248	0.248	0.25	40.552	40.373	1	1
0.253	0.253	0.215	40.597	40.629	1	1
0.253	0.253	0.206	40.598	40.477	1	1
0.253	0.253	0.178	40.6	40.929	1	1
0.255	0.186	0.255	40.619	40.487	1	0
0.257	0.257	0.32	40.635	41.698	0	1
0.258	0.258	0.079	40.644	40.81	1	1
0.258	0.258	0.114	40.645	40.602	1	1
0.258	0.258	0.251	40.65	42.185	0	1
0.259	0.259	0.325	40.655	40.59	1	1
0.263	0.263	0.098	40.697	40.675	1	1
0.264	0.43	0.264	40.701	40.494	1	0
0.264	0.264	0.336	40.703	40.461	1	1
0.265	0.265	0.201	40.711	40.649	1	1
0.266	0.266	0.472	40.721	40.655	1	1
0.266	0.23	0.266	40.725	40.756	1	0
0.268	0.268	0.156	40.741	40.809	1	1
0.268	0.268	0.259	40.743	40.911	1	1
0.269	0.269	0.318	40.752	40.717	1	1
0.269	0.168	0.269	40.752	40.744	1	0
0.269	0.269	0.427	40.754	40.649	1	1
0.27	0.27	0.52	40.756	40.972	1	1
0.271	0.271	0.224	40.766	40.818	1	1
0.272	0.272	0.269	40.777	40.613	1	1
0.272	0.272	0.31	40.781	40.838	1	1
0.272	0.272	0.396	40.781	40.761	1	1
0.273	0.273	0.208	40.784	40.489	1	1
0.276	0.308	0.276	40.812	40.533	1	0
0.278	0.278	0.344	40.833	40.56	1	1
0.279	0.279	0.458	40.843	42.591	0	1
0.28	0.28	0.194	40.848	40.676	1	1
0.28	0.28	0.298	40.85	40.846	1	1
0.28	0.28	0.332	40.853	40.853	1	1
0.281	0.281	0.163	40.861	41.104	1	1
0.281	0.281	0.174	40.862	40.941	1	1
0.282	0.192	0.282	40.864	41.197	1	0
0.284	0.284	0.375	40.888	40.63	1	1
0.286	0.286	0.262	40.899	40.744	1	1
0.287	0.271	0.287	40.913	41.083	1	0
0.291	0.291	0.304	40.948	40.82	1	1
0.294	0.294	0.283	40.97	40.934	1	1
0.294	0.529	0.294	40.973	42.268	0	0
0.295	0.295	0.196	40.982	40.89	1	1
0.297	0.297	0.303	41.0	40.949	1	1
0.297	0.297	0.323	41.0	44.722	0	1
0.298	0.298	0.135	41.002	40.936	1	1
0.298	0.298	0.274	41.008	41.075	1	1
0.299	0.299	0.416	41.01	40.989	1	1
0.299	0.299	0.334	41.012	41.166	1	1
0.299	0.299	0.285	41.013	41.025	1	1
0.299	0.299	0.24	41.017	40.438	1	1
0.3	0.3	0.251	41.02	40.999	1	1
0.301	0.301	0.247	41.034	40.811	1	1
0.302	0.302	0.183	41.038	41.117	1	1
0.302	0.302	0.163	41.04	41.114	1	1
0.303	0.303	0.139	41.047	41.215	1	1
0.303	0.303	0.415	41.048	40.799	1	1
0.305	0.305	0.252	41.063	41.275	1	1
0.305	0.305	0.167	41.066	41.008	1	1
0.307	0.307	0.239	41.077	41.406	1	1
0.307	0.307	0.451	41.079	41.144	1	1
0.308	0.308	0.203	41.089	40.794	1	1
0.313	0.313	0.397	41.132	41.244	1	1
0.314	0.314	0.332	41.133	41.192	1	1
0.315	0.171	0.315	41.142	41.017	1	0
0.316	0.385	0.316	41.156	40.801	1	0
0.316	0.316	0.303	41.156	41.239	1	1
0.317	0.317	0.427	41.16	40.97	1	1
0.317	0.414	0.317	41.162	41.201	1	0
0.319	0.319	0.312	41.179	41.382	1	1
0.321	0.321	0.382	41.189	41.318	1	1
0.321	0.321	0.466	41.193	41.337	1	1
0.321	0.321	0.523	41.193	41.244	1	1
0.322	0.322	0.403	41.196	41.02	1	1
0.322	0.322	0.186	41.197	41.085	1	1
0.323	0.323	0.497	41.204	41.687	0	1
0.323	0.323	0.532	41.207	40.937	1	1
0.324	0.324	0.125	41.213	41.295	1	1
0.324	0.324	0.302	41.214	41.231	1	1
0.325	0.325	0.256	41.225	40.827	1	1
0.326	0.326	0.282	41.23	41.322	1	1
0.326	0.435	0.326	41.231	41.383	1	0
0.327	0.327	0.233	41.239	41.252	1	1
0.329	0.329	0.232	41.25	41.655	1	1
0.329	0.329	0.482	41.257	41.516	1	1
0.331	0.331	0.287	41.27	41.514	1	1
0.331	0.331	0.287	41.271	41.285	1	1
0.336	0.336	0.225	41.306	41.533	1	1
0.336	0.336	0.276	41.31	41.26	1	1
0.337	0.337	0.334	41.317	41.494	1	1
0.338	0.281	0.338	41.323	42.369	0	0
0.34	0.34	0.539	41.336	41.603	1	1
0.34	0.34	0.365	41.337	41.281	1	1
0.344	0.344	0.451	41.363	41.483	1	1
0.346	0.346	0.443	41.38	41.601	1	1
0.347	0.347	0.04	41.385	41.564	1	1
0.347	0.347	0.37	41.387	41.133	1	1
0.347	0.347	0.239	41.387	41.386	1	1
0.35	0.359	0.35	41.411	43.073	0	0
0.351	0.351	0.187	41.42	41.46	1	1
0.355	0.355	0.274	41.445	41.328	1	1
0.356	0.356	0.337	41.453	41.584	1	1
0.357	0.41	0.357	41.461	41.201	1	0
0.358	0.358	0.418	41.47	41.17	1	1
0.361	0.361	0.495	41.489	44.012	0	1
0.363	0.363	0.496	41.503	41.282	1	1
0.366	0.366	0.421	41.52	41.437	1	1
0.366	0.51	0.366	41.523	41.195	1	0
0.367	0.367	0.341	41.533	41.508	1	1
0.367	0.505	0.367	41.533	41.823	1	0
0.367	0.425	0.367	41.533	41.238	1	0
0.368	0.368	0.375	41.536	41.379	1	1
0.369	0.369	0.529	41.543	41.546	1	1
0.37	0.37	0.465	41.549	41.324	1	1
0.37	0.222	0.37	41.552	41.414	1	0
0.371	0.371	0.425	41.557	41.447	1	1
0.372	0.372	0.369	41.562	41.425	1	1
0.372	0.372	0.352	41.566	41.176	1	1
0.376	0.376	0.454	41.589	41.506	1	1
0.378	0.276	0.378	41.604	41.868	1	0
0.378	0.18	0.378	41.606	41.5	1	0
0.378	0.378	0.313	41.608	41.562	1	1
0.38	0.38	0.567	41.62	41.289	1	1
0.38	0.38	0.298	41.621	41.557	1	1
0.382	0.382	0.412	41.632	41.696	1	1
0.383	0.383	0.314	41.64	41.332	1	1
0.383	0.383	0.453	41.64	41.663	1	1
0.384	0.384	0.333	41.646	41.517	1	1
0.388	0.504	0.388	41.673	41.647	1	0
0.388	0.388	0.304	41.674	41.799	1	1
0.389	0.389	0.365	41.675	41.558	1	1
0.389	0.389	0.464	41.678	41.707	1	1
0.39	0.39	0.315	41.684	41.878	1	1
0.39	0.39	0.245	41.686	41.626	1	1
0.392	0.392	0.339	41.699	41.434	1	1
0.393	0.393	0.483	41.706	41.74	1	1
0.394	0.394	0.424	41.712	41.783	1	1
0.395	0.395	0.323	41.717	41.651	1	1
0.395	0.395	0.427	41.72	41.828	1	1
0.396	0.396	0.542	41.726	41.698	1	1
0.398	0.398	0.306	41.735	41.708	1	1
0.398	0.398	0.262	41.739	43.255	0	1
0.398	0.398	0.246	41.739	41.828	1	1
0.399	0.399	0.486	41.742	41.552	1	1
0.401	0.401	0.501	41.756	41.771	1	1
0.401	0.401	0.497	41.757	41.623	1	1
0.402	0.402	0.442	41.761	41.896	1	1
0.403	0.403	0.472	41.771	41.592	1	1
0.406	0.406	0.374	41.785	41.869	1	1
0.406	0.406	0.32	41.787	41.706	1	1
0.406	0.406	0.504	41.79	42.038	1	1
0.407	0.407	0.374	41.793	41.533	1	1
0.409	0.409	0.253	41.804	41.701	1	1
0.412	0.412	0.339	41.825	47.302	0	1
0.412	0.412	0.51	41.827	41.877	1	1
0.413	0.413	0.386	41.829	41.513	1	1
0.414	0.337	0.414	41.835	41.617	1	0
0.414	0.414	0.367	41.836	41.648	1	1
0.416	0.416	0.328	41.851	41.903	1	1
0.417	0.417	0.325	41.855	42.096	1	1
0.417	0.417	0.236	41.859	42.029	1	1
0.418	0.418	0.34	41.859	42.008	1	1
0.418	0.418	0.429	41.862	41.54	1	1
0.418	0.418	0.625	41.862	41.576	1	1
0.418	0.418	0.342	41.863	41.856	1	1
0.418	0.418	0.318	41.865	42.133	1	1
0.42	0.42	0.623	41.874	41.636	1	1
0.421	0.421	0.565	41.88	41.661	1	1
0.429	0.429	0.303	41.931	41.87	1	1
0.43	0.43	0.375	41.932	41.908	1	1
0.43	0.43	0.692	41.935	41.62	0	1
0.431	0.431	0.503	41.941	41.852	1	1
0.432	0.432	0.538	41.948	41.893	1	1
0.434	0.434	0.482	41.958	41.763	1	1
0.434	0.434	0.451	41.958	42.038	1	1
0.435	0.435	0.386	41.964	41.802	1	1
0.435	0.435	0.56	41.966	41.952	1	1
0.436	0.436	0.495	41.968	41.962	1	1
0.436	0.436	0.525	41.969	41.888	1	1
0.436	0.436	0.441	41.971	42.316	1	1
0.436	0.436	0.569	41.971	41.793	1	1
0.437	0.437	0.38	41.977	42.535	0	1
0.442	0.449	0.442	42.004	42.228	1	0
0.442	0.442	0.541	42.004	42.148	1	1
0.443	0.443	0.549	42.011	41.894	1	1
0.443	0.443	0.398	42.012	42.303	1	1
0.444	0.444	0.405	42.016	42.282	1	1
0.446	0.446	0.504	42.027	41.952	1	1
0.448	0.448	0.343	42.04	41.825	1	1
0.449	0.449	0.498	42.048	42.296	1	1
0.45	0.45	0.407	42.051	42.181	1	1
0.45	0.45	0.491	42.052	42.169	1	1
0.452	0.452	0.576	42.062	43.637	0	1
0.453	0.453	0.656	42.067	41.929	1	1
0.453	0.453	0.434	42.067	42.252	1	1
0.455	0.455	0.418	42.079	42.14	1	1
0.455	0.455	0.366	42.079	41.77	1	1
0.456	0.456	0.509	42.085	43.871	0	1
0.457	0.457	0.406	42.092	42.26	1	1
0.458	0.458	0.448	42.095	42.18	1	1
0.461	0.461	0.602	42.117	42.285	1	1
0.462	0.462	0.524	42.118	42.318	1	1
0.462	0.462	0.375	42.122	42.384	1	1
0.465	0.465	0.367	42.139	42.265	1	1
0.466	0.466	0.428	42.141	42.523	1	1
0.467	0.467	0.34	42.146	42.253	1	1
0.467	0.467	0.428	42.15	42.274	1	1
0.468	0.468	0.585	42.151	42.265	1	1
0.468	0.468	0.459	42.152	42.24	1	1
0.469	0.578	0.469	42.157	42.411	1	0
0.469	0.469	0.46	42.157	42.209	1	1
0.47	0.47	0.412	42.166	42.369	1	1
0.47	0.47	0.515	42.167	42.378	1	1
0.471	0.471	0.36	42.172	41.906	1	1
0.474	0.474	0.398	42.189	42.294	1	1
0.475	0.475	0.371	42.193	42.795	0	1
0.475	0.475	0.448	42.194	42.276	1	1
0.476	0.476	0.515	42.195	41.805	1	1
0.476	0.476	0.638	42.197	42.469	1	1
0.477	0.477	0.512	42.202	42.607	1	1
0.478	0.478	0.431	42.206	42.244	1	1
0.48	0.48	0.467	42.217	42.49	1	1
0.48	0.711	0.48	42.219	42.345	1	0
0.481	0.481	0.455	42.225	42.435	1	1
0.482	0.482	0.446	42.228	42.135	1	1
0.482	0.482	0.588	42.23	42.365	1	1
0.482	0.482	0.491	42.231	42.259	1	1
0.484	0.484	0.38	42.24	42.176	1	1
0.484	0.484	0.574	42.242	42.388	1	1
0.485	0.485	0.329	42.244	42.579	1	1
0.487	0.487	0.453	42.256	42.335	1	1
0.49	0.49	0.487	42.27	42.439	1	1
0.491	0.491	0.422	42.278	42.429	1	1
0.491	0.491	0.466	42.279	42.185	1	1
0.491	0.491	0.496	42.28	42.207	1	1
0.492	0.492	0.482	42.283	42.348	1	1
0.493	0.493	0.495	42.288	42.105	1	1
0.494	0.494	0.538	42.292	42.25	1	1
0.495	0.495	0.594	42.296	42.21	1	1
0.495	0.495	0.429	42.3	42.12	1	1
0.495	0.495	0.562	42.301	42.189	1	1
0.498	0.498	0.591	42.315	42.378	1	1
0.499	0.499	0.487	42.321	42.344	1	1
0.501	0.501	0.46	42.329	42.207	1	1
0.503	0.503	0.566	42.338	42.14	1	1
0.504	0.566	0.504	42.343	42.297	1	0
0.504	0.504	0.569	42.344	42.285	1	1
0.504	0.504	0.559	42.347	42.335	1	1
0.505	0.505	0.615	42.35	42.279	1	1
0.505	0.505	0.565	42.353	42.341	1	1
0.508	0.508	0.517	42.364	44.462	0	1
0.509	0.509	0.47	42.37	42.249	1	1
0.511	0.511	0.486	42.381	42.115	1	1
0.511	0.511	0.519	42.383	42.311	1	1
0.513	0.513	0.375	42.389	42.578	1	1
0.513	0.513	0.557	42.392	42.337	1	1
0.513	0.477	0.513	42.393	42.123	1	0
0.514	0.514	0.439	42.399	42.396	1	1
0.515	0.515	0.391	42.403	42.74	1	1
0.515	0.515	0.591	42.404	42.164	1	1
0.516	0.516	0.447	42.406	42.414	1	1
0.516	0.516	0.541	42.407	42.397	1	1
0.516	0.516	0.429	42.408	42.603	1	1
0.516	0.516	0.496	42.408	42.384	1	1
0.517	0.517	0.382	42.412	42.114	1	1
0.518	0.518	0.608	42.416	42.287	1	1
0.519	0.519	0.624	42.423	42.694	1	1
0.52	0.52	0.441	42.427	42.49	1	1
0.521	0.521	0.563	42.431	42.577	1	1
0.522	0.522	0.497	42.438	42.266	1	1
0.523	0.523	0.239	42.444	42.627	1	1
0.524	0.524	0.589	42.446	42.3	1	1
0.525	0.525	0.508	42.453	42.804	1	1
0.525	0.525	0.501	42.454	42.68	1	1
0.528	0.254	0.528	42.464	42.552	1	0
0.528	0.528	0.515	42.466	42.371	1	1
0.528	0.528	0.473	42.466	42.797	1	1
0.528	0.528	0.539	42.467	42.658	1	1
0.528	0.528	0.47	42.467	42.458	1	1
0.528	0.528	0.449	42.468	42.461	1	1
0.528	0.528	0.401	42.468	42.458	1	1
0.529	0.529	0.638	42.472	42.554	1	1
0.529	0.529	0.32	42.474	42.293	0	1
0.53	0.53	0.586	42.477	44.691	0	1
0.533	0.533	0.696	42.491	43.515	0	1
0.534	0.534	0.687	42.495	42.522	1	1
0.537	0.537	0.437	42.509	42.856	1	1
0.539	0.539	0.563	42.518	42.581	1	1
0.539	0.565	0.539	42.522	42.32	1	0
0.541	0.541	0.513	42.531	42.573	1	1
0.543	0.543	0.406	42.539	42.487	1	1
0.544	0.544	0.423	42.545	42.377	1	1
0.544	0.544	0.682	42.545	42.801	1	1
0.545	0.326	0.545	42.549	42.634	1	0
0.545	0.545	0.385	42.551	42.692	1	1
0.545	0.545	0.592	42.552	42.262	1	1
0.548	0.548	0.459	42.563	42.513	1	1
0.548	0.548	0.48	42.563	42.797	1	1
0.551	0.551	0.526	42.578	42.899	1	1
0.554	0.554	0.536	42.595	42.995	1	1
0.555	0.555	0.281	42.598	42.503	1	1
0.556	0.556	0.419	42.602	43.259	0	1
0.556	0.556	0.579	42.603	43.647	0	1
0.557	0.557	0.527	42.608	42.892	1	1
0.559	0.559	0.527	42.618	45.264	0	1
0.562	0.62	0.562	42.629	42.433	1	0
0.562	0.562	0.703	42.629	42.604	1	1
0.563	0.563	0.668	42.634	42.463	1	1
0.563	0.563	0.439	42.635	42.59	1	1
0.565	0.565	0.593	42.644	42.515	1	1
0.565	0.565	0.533	42.646	42.475	1	1
0.566	0.566	0.618	42.648	45.224	0	1
0.566	0.677	0.566	42.648	42.794	1	0
0.567	0.567	0.497	42.651	42.65	1	1
0.568	0.568	0.345	42.657	42.887	1	1
0.574	0.574	0.529	42.683	42.76	1	1
0.574	0.574	0.677	42.686	42.627	1	1
0.575	0.525	0.575	42.69	42.499	1	0
0.575	0.575	0.545	42.691	42.634	1	1
0.576	0.576	0.478	42.696	42.733	1	1
0.577	0.577	0.604	42.698	42.851	1	1
0.577	0.577	0.636	42.701	42.464	1	1
0.579	0.579	0.641	42.707	42.747	1	1
0.579	0.579	0.723	42.709	42.798	1	1
0.58	0.577	0.58	42.711	43.114	1	0
0.582	0.582	0.527	42.724	42.484	1	1
0.583	0.583	0.678	42.726	42.67	1	1
0.583	0.583	0.648	42.727	43.091	1	1
0.585	0.585	0.509	42.735	43.179	1	1
0.586	0.586	0.688	42.738	42.939	1	1
0.586	0.586	0.556	42.742	42.659	1	1
0.588	0.588	0.538	42.748	42.686	1	1
0.588	0.588	0.441	42.75	42.701	1	1
0.589	0.589	0.621	42.754	42.928	1	1
0.589	0.589	0.709	42.754	42.526	1	1
0.593	0.593	0.66	42.773	42.555	1	1
0.594	0.594	0.609	42.775	45.951	0	1
0.595	0.595	0.656	42.778	42.562	1	1
0.596	0.596	0.492	42.782	42.927	1	1
0.596	0.596	0.778	42.784	42.852	1	1
0.596	0.596	0.58	42.784	42.893	1	1
0.597	0.597	0.493	42.789	42.818	1	1
0.598	0.598	0.589	42.791	42.766	1	1
0.599	0.599	0.666	42.796	42.948	1	1
0.599	0.599	0.459	42.798	42.526	1	1
0.6	0.6	0.522	42.803	43.03	1	1
0.602	0.602	0.746	42.809	42.622	1	1
0.604	0.604	0.565	42.817	42.871	1	1
0.604	0.604	0.7	42.818	42.831	1	1
0.604	0.604	0.609	42.821	42.722	1	1
0.605	0.605	0.661	42.823	45.515	0	1
0.606	0.606	0.584	42.827	42.635	1	1
0.607	0.607	0.627	42.833	42.577	1	1
0.607	0.607	0.64	42.833	42.858	1	1
0.608	0.608	0.601	42.837	42.264	1	1
0.608	0.608	0.672	42.838	42.762	1	1
0.609	0.609	0.604	42.842	42.846	1	1
0.609	0.609	0.461	42.842	42.729	1	1
0.61	0.61	0.643	42.845	42.746	1	1
0.61	0.61	0.54	42.847	42.957	1	1
0.61	0.61	0.664	42.847	43.233	1	1
0.611	0.611	0.715	42.848	42.78	1	1
0.611	0.611	0.681	42.848	42.921	1	1
0.612	0.612	0.638	42.853	42.973	1	1
0.614	0.614	0.698	42.861	42.799	1	1
0.614	0.614	0.581	42.863	43.265	1	1
0.614	0.614	0.639	42.864	42.661	1	1
0.615	0.615	0.646	42.865	43.03	1	1
0.615	0.615	0.707	42.867	42.949	1	1
0.616	0.616	0.693	42.869	42.724	1	1
0.616	0.616	0.577	42.87	42.792	1	1
0.617	0.617	0.617	42.874	42.864	1	1
0.62	0.62	0.635	42.886	42.424	1	1
0.621	0.621	0.464	42.892	42.722	1	1
0.621	0.582	0.621	42.894	45.557	0	0
0.623	0.623	0.619	42.899	42.959	1	1
0.623	0.623	0.678	42.902	43.109	1	1
0.624	0.624	0.55	42.904	43.09	1	1
0.624	0.624	0.839	42.906	42.95	1	1
0.624	0.624	0.655	42.906	42.985	1	1
0.625	0.625	0.593	42.911	42.947	1	1
0.626	0.626	0.81	42.913	42.775	1	1
0.627	0.627	0.515	42.916	42.988	1	1
0.629	0.629	0.737	42.927	42.971	1	1
0.632	0.632	0.608	42.937	43.07	1	1
0.632	0.632	0.567	42.939	43.082	1	1
0.633	0.633	0.728	42.94	44.947	0	1
0.633	0.633	0.525	42.942	43.08	1	1
0.633	0.633	0.481	42.944	43.096	1	1
0.634	0.69	0.634	42.947	42.995	1	0
0.635	0.635	0.59	42.949	42.89	1	1
0.635	0.635	0.457	42.949	42.551	1	1
0.636	0.636	0.62	42.955	42.902	1	1
0.636	0.636	0.692	42.955	42.667	1	1
0.636	0.636	0.522	42.955	42.896	1	1
0.637	0.637	0.606	42.958	43.11	1	1
0.639	0.639	0.692	42.968	42.872	1	1
0.64	0.64	0.568	42.973	42.836	1	1
0.641	0.641	0.765	42.974	43.109	1	1
0.641	0.641	0.794	42.976	42.961	1	1
0.642	0.642	0.653	42.978	43.116	1	1
0.644	0.644	0.645	42.987	43.406	1	1
0.646	0.789	0.646	42.995	43.177	1	0
0.647	0.647	0.624	43.001	42.933	1	1
0.648	0.648	0.619	43.003	42.953	1	1
0.648	0.781	0.648	43.005	42.998	1	0
0.649	0.649	0.782	43.007	42.668	1	1
0.65	0.65	0.578	43.013	43.05	1	1
0.65	0.666	0.65	43.014	43.203	1	0
0.651	0.651	0.732	43.015	45.139	0	1
0.652	0.652	0.511	43.022	42.503	1	1
0.652	0.643	0.652	43.022	42.661	1	0
0.653	0.653	0.787	43.023	43.448	1	1
0.654	0.654	0.654	43.028	42.675	1	1
0.655	0.655	0.77	43.032	43.071	1	1
0.655	0.655	0.722	43.034	43.211	1	1
0.656	0.656	0.694	43.035	43.051	1	1
0.656	0.656	0.655	43.036	42.829	1	1
0.657	0.657	0.512	43.039	43.097	1	1
0.657	0.657	0.858	43.039	43.18	1	1
0.658	0.658	0.761	43.043	43.038	1	1
0.658	0.658	0.6	43.045	43.227	1	1
0.658	0.658	0.597	43.045	43.029	1	1
0.658	0.551	0.658	43.046	43.027	1	0
0.661	0.661	0.487	43.057	46.409	0	1
0.661	0.661	0.65	43.058	43.122	1	1
0.663	0.663	0.76	43.066	43.301	1	1
0.664	0.742	0.664	43.068	42.715	1	0
0.665	0.665	0.428	43.072	43.285	1	1
0.665	0.665	0.591	43.073	42.885	1	1
0.666	0.666	0.608	43.075	42.919	1	1
0.667	0.667	0.705	43.079	42.955	1	1
0.669	0.669	0.645	43.088	43.026	1	1
0.669	0.669	0.664	43.09	43.543	1	1
0.67	0.67	0.661	43.091	43.07	1	1
0.671	0.671	0.615	43.098	43.399	1	1
0.672	0.672	0.598	43.1	42.736	1	1
0.673	0.536	0.673	43.102	43.238	1	0
0.675	0.675	0.581	43.11	42.956	1	1
0.675	0.675	0.654	43.111	43.41	1	1
0.676	0.676	0.671	43.115	42.789	1	1
0.676	0.902	0.676	43.116	42.996	1	0
0.676	0.676	0.686	43.117	42.811	1	1
0.676	0.676	0.564	43.117	42.93	1	1
0.677	0.677	0.586	43.118	43.152	1	1
0.677	0.677	0.72	43.118	43.394	1	1
0.677	0.677	0.662	43.119	43.055	1	1
0.677	0.677	0.71	43.121	43.069	1	1
0.678	0.678	0.498	43.123	43.252	1	1
0.678	0.678	0.854	43.124	43.412	1	1
0.68	0.68	0.621	43.131	43.456	1	1
0.681	0.681	0.746	43.137	42.842	1	1
0.682	0.665	0.682	43.138	42.898	1	0
0.682	0.682	0.752	43.139	42.797	1	1
0.682	0.682	0.728	43.14	43.041	1	1
0.687	0.687	0.918	43.158	43.348	1	1
0.688	0.688	0.744	43.162	43.016	1	1
0.689	0.689	0.54	43.165	43.581	1	1
0.689	0.689	0.676	43.166	43.0	1	1
0.692	0.692	0.573	43.176	42.995	1	1
0.692	0.765	0.692	43.178	43.403	1	0
0.693	0.693	0.662	43.181	43.065	1	1
0.694	0.694	0.583	43.185	42.884	1	1
0.695	0.695	0.688	43.19	42.71	1	1
0.696	0.696	0.655	43.192	43.087	1	1
0.697	0.697	0.655	43.196	43.42	1	1
0.698	0.698	0.62	43.2	43.444	1	1
0.699	0.699	0.79	43.203	43.089	1	1
0.699	0.699	0.793	43.205	43.035	1	1
0.699	0.708	0.699	43.206	43.087	1	0
0.701	0.701	0.674	43.212	42.723	1	1
0.703	0.703	0.535	43.219	43.035	1	1
0.704	0.664	0.704	43.223	46.865	0	0
0.707	0.707	0.663	43.233	43.715	1	1
0.707	0.707	0.757	43.235	42.906	1	1
0.71	0.71	0.774	43.247	43.227	1	1
0.711	0.711	0.657	43.25	43.119	1	1
0.712	0.712	0.687	43.255	43.412	1	1
0.713	0.713	0.766	43.257	43.051	1	1
0.714	0.714	0.574	43.262	43.19	1	1
0.715	0.715	0.883	43.263	43.132	1	1
0.715	0.715	0.801	43.264	43.03	1	1
0.715	0.715	0.619	43.265	43.273	1	1
0.715	0.715	0.617	43.266	43.359	1	1
0.717	0.717	0.883	43.271	43.389	1	1
0.717	0.717	0.636	43.272	43.531	1	1
0.719	0.779	0.719	43.279	43.37	1	0
0.721	0.721	0.76	43.285	43.308	1	1
0.721	0.721	0.617	43.288	43.284	1	1
0.723	0.723	0.537	43.292	43.556	1	1
0.723	0.723	0.871	43.292	43.26	1	1
0.724	0.724	0.771	43.297	43.39	1	1
0.726	0.726	0.777	43.304	43.508	1	1
0.73	0.73	0.708	43.32	43.594	1	1
0.73	0.73	0.831	43.321	43.359	1	1
0.731	0.731	0.793	43.323	43.131	1	1
0.732	0.732	0.588	43.327	43.285	1	1
0.733	0.733	0.759	43.33	43.525	1	1
0.733	0.733	0.757	43.332	43.355	1	1
0.735	0.735	0.749	43.337	42.995	1	1
0.736	0.96	0.736	43.342	43.077	1	0
0.736	0.736	0.873	43.342	43.41	1	1
0.737	0.737	0.483	43.343	43.342	1	1
0.737	0.737	0.635	43.343	43.419	1	1
0.737	0.737	0.673	43.344	43.382	1	1
0.741	0.956	0.741	43.359	45.301	0	0
0.745	0.745	0.578	43.372	43.304	1	1
0.745	0.745	0.732	43.373	43.271	1	1
0.745	0.745	0.872	43.373	43.421	1	1
0.748	0.748	0.819	43.383	43.387	1	1
0.748	0.748	0.907	43.385	43.535	1	1
0.749	0.749	0.855	43.386	43.314	1	1
0.749	0.749	0.725	43.388	43.692	1	1
0.75	0.75	0.782	43.39	43.307	1	1
0.751	0.751	0.806	43.393	43.696	1	1
0.752	0.752	0.719	43.398	43.476	1	1
0.752	0.752	0.77	43.399	45.393	0	1
0.753	0.753	0.958	43.401	43.258	1	1
0.753	0.753	0.74	43.402	43.525	1	1
0.753	0.753	0.656	43.403	43.364	1	1
0.753	0.753	0.655	43.404	43.494	1	1
0.754	0.754	0.702	43.406	43.564	1	1
0.754	0.754	0.808	43.407	43.211	1	1
0.756	0.756	0.696	43.412	43.321	1	1
0.757	0.757	0.852	43.416	43.241	1	1
0.758	0.758	0.768	43.418	43.433	1	1
0.761	0.761	0.661	43.429	43.504	1	1
0.761	0.761	0.813	43.43	46.042	0	1
0.761	0.761	0.735	43.431	43.154	1	1
0.762	0.762	0.731	43.433	43.45	1	1
0.763	0.763	0.694	43.439	43.754	1	1
0.764	0.764	0.935	43.44	43.733	1	1
0.764	0.764	0.761	43.441	43.361	1	1
0.765	0.765	0.776	43.442	43.528	1	1
0.766	0.766	0.769	43.448	46.871	0	1
0.769	0.653	0.769	43.458	43.227	1	0
0.771	0.81	0.771	43.463	43.447	1	0
0.771	0.771	0.79	43.465	43.354	1	1
0.772	0.772	0.829	43.468	43.066	1	1
0.772	0.772	0.82	43.468	42.943	1	1
0.772	1.013	0.772	43.469	43.641	1	0
0.774	0.774	0.95	43.476	43.581	1	1
0.774	0.774	0.657	43.476	43.311	1	1
0.774	0.774	0.734	43.476	43.643	1	1
0.776	0.782	0.776	43.481	45.906	0	0
0.777	0.777	0.607	43.484	43.642	1	1
0.777	0.777	0.751	43.486	43.313	1	1
0.779	0.779	0.694	43.491	43.793	1	1
0.779	0.779	0.888	43.492	43.614	1	1
0.78	0.78	0.811	43.495	44.514	0	1
0.78	0.78	0.817	43.496	43.396	1	1
0.783	0.783	0.865	43.506	43.775	1	1
0.783	0.783	0.839	43.506	43.313	1	1
0.783	0.783	0.657	43.506	43.474	1	1
0.785	0.785	0.667	43.512	43.605	1	1
0.786	0.786	0.824	43.516	43.377	1	1
0.786	0.786	0.93	43.516	43.399	1	1
0.787	0.787	0.812	43.518	43.718	1	1
0.788	0.788	0.742	43.523	43.655	1	1
0.79	0.776	0.79	43.528	43.38	1	0
0.79	0.79	0.769	43.53	43.366	1	1
0.791	0.791	0.665	43.532	43.423	1	1
0.792	0.792	0.735	43.535	43.862	1	1
0.794	0.794	0.842	43.544	43.025	1	1
0.797	0.797	0.748	43.554	43.059	1	1
0.798	0.798	0.799	43.555	43.907	1	1
0.798	0.798	0.74	43.555	43.764	1	1
0.8	0.8	0.89	43.562	43.158	1	1
0.803	0.737	0.803	43.573	43.483	1	0
0.805	0.805	0.762	43.579	46.353	0	1
0.807	0.807	0.867	43.585	44.177	1	1
0.807	0.807	0.958	43.585	43.95	1	1
0.807	0.807	0.746	43.586	43.5	1	1
0.808	1.044	0.808	43.589	43.806	1	0
0.812	0.812	0.754	43.602	43.573	1	1
0.813	0.813	0.791	43.607	43.536	1	1
0.814	0.814	0.82	43.608	43.505	1	1
0.815	0.815	0.844	43.613	43.538	1	1
0.816	0.816	0.847	43.615	45.378	0	1
0.817	1.029	0.817	43.618	43.458	1	0
0.818	0.818	0.959	43.623	43.552	1	1
0.819	0.819	0.868	43.627	43.495	1	1
0.821	0.821	0.72	43.632	43.276	1	1
0.823	0.823	0.926	43.637	43.777	1	1
0.823	0.962	0.823	43.638	43.697	1	0
0.823	0.823	0.862	43.639	43.865	1	1
0.824	0.824	0.958	43.64	43.4	1	1
0.824	0.824	0.863	43.642	43.262	1	1
0.825	0.825	0.847	43.644	47.12	0	1
0.827	0.827	0.599	43.652	45.2	0	1
0.828	0.828	0.78	43.654	43.521	1	1
0.829	0.727	0.829	43.657	43.756	1	0
0.83	0.83	0.703	43.66	44.041	1	1
0.83	0.83	0.833	43.662	43.95	1	1
0.83	0.83	0.67	43.662	43.781	1	1
0.832	0.832	0.957	43.669	43.569	1	1
0.833	0.833	0.802	43.671	43.633	1	1
0.835	0.835	0.776	43.678	43.66	1	1
0.836	0.836	0.712	43.681	43.847	1	1
0.837	0.837	0.815	43.682	43.406	1	1
0.837	0.837	0.884	43.683	43.682	1	1
0.837	0.837	0.783	43.684	43.943	1	1
0.839	0.839	0.799	43.689	43.569	1	1
0.84	0.84	0.838	43.693	43.848	1	1
0.84	0.84	0.842	43.693	43.28	1	1
0.841	0.841	0.836	43.696	43.646	1	1
0.842	0.842	0.833	43.701	43.232	1	1
0.843	0.84	0.843	43.702	43.712	1	0
0.846	0.846	1.005	43.711	43.624	1	1
0.847	0.847	0.61	43.715	43.89	1	1
0.848	0.848	0.721	43.719	43.35	1	1
0.85	0.85	0.776	43.724	44.057	1	1
0.851	0.851	0.615	43.727	43.845	1	1
0.852	0.852	0.84	43.731	43.807	1	1
0.852	0.866	0.852	43.731	43.84	1	0
0.852	0.852	0.902	43.732	43.431	1	1
0.854	0.854	0.72	43.737	43.374	1	1
0.855	0.855	0.888	43.739	43.5	1	1
0.855	0.855	0.843	43.74	43.45	1	1
0.86	0.86	0.762	43.757	43.656	1	1
0.861	0.861	1.001	43.758	43.965	1	1
0.861	0.861	0.828	43.759	43.959	1	1
0.863	0.863	0.965	43.764	43.761	1	1
0.865	0.865	0.81	43.771	43.863	1	1
0.865	0.865	0.943	43.772	43.944	1	1
0.865	0.865	0.792	43.772	43.83	1	1
0.865	0.865	0.746	43.773	43.867	1	1
0.867	0.867	0.825	43.776	43.458	1	1
0.867	1.023	0.867	43.776	43.973	1	0
0.87	0.87	0.966	43.786	43.915	1	1
0.871	0.871	0.789	43.79	43.786	1	1
0.871	0.832	0.871	43.791	43.813	1	0
0.872	0.872	1.021	43.791	44.064	1	1
0.872	0.872	0.962	43.792	43.767	1	1
0.872	0.931	0.872	43.793	47.228	0	0
0.874	0.874	0.696	43.797	43.893	1	1
0.874	0.874	0.958	43.8	44.093	1	1
0.875	0.875	0.706	43.8	43.131	1	1
0.875	0.875	0.863	43.802	45.655	0	1
0.876	0.876	0.742	43.805	43.829	1	1
0.877	0.877	0.974	43.808	43.859	1	1
0.877	0.877	0.82	43.808	43.934	1	1
0.878	0.878	1.015	43.811	43.954	1	1
0.878	0.878	0.813	43.811	43.992	1	1
0.878	0.878	0.768	43.812	43.682	1	1
0.878	0.878	0.855	43.812	43.792	1	1
0.879	0.879	0.813	43.813	43.525	1	1
0.879	0.879	0.946	43.815	44.006	1	1
0.88	0.88	0.901	43.816	43.781	0	1
0.88	1.157	0.88	43.817	43.925	1	0
0.881	0.881	1.097	43.821	43.66	1	1
0.882	0.882	0.766	43.824	43.304	1	1
0.883	0.883	0.877	43.825	43.7	1	1
0.884	0.884	0.82	43.83	43.653	1	1
0.885	0.885	0.858	43.831	43.965	1	1
0.887	0.887	0.917	43.839	43.615	1	1
0.888	0.888	0.758	43.84	43.973	1	1
0.888	0.888	0.879	43.843	43.932	1	1
0.89	0.844	0.89	43.848	43.641	1	0
0.891	0.935	0.891	43.85	43.846	1	0
0.891	0.891	0.995	43.851	43.527	1	1
0.892	0.892	0.993	43.852	43.702	1	1
0.892	0.892	0.882	43.852	43.891	1	1
0.892	0.923	0.892	43.853	44.0	1	0
0.892	0.892	0.998	43.854	43.605	1	1
0.893	0.893	0.979	43.856	43.867	1	1
0.894	0.894	0.991	43.86	43.717	1	1
0.895	0.895	0.844	43.861	43.752	1	1
0.895	0.895	0.739	43.862	43.893	1	1
0.895	0.895	0.866	43.862	43.89	1	1
0.896	0.896	0.788	43.865	43.776	1	1
0.898	0.884	0.898	43.872	43.795	1	0
0.899	0.899	0.892	43.873	43.943	1	1
0.899	0.899	0.758	43.875	44.01	1	1
0.9	0.9	0.901	43.876	44.1	1	1
0.9	0.9	1.028	43.876	43.87	1	1
0.9	0.9	0.884	43.877	43.938	1	1
0.901	0.901	0.866	43.881	43.499	1	1
0.902	0.902	0.837	43.884	44.073	1	1
0.902	0.902	0.922	43.884	44.037	1	1
0.903	0.762	0.903	43.885	43.845	1	0
0.903	0.903	0.939	43.886	43.959	1	1
0.905	0.905	0.901	43.892	44.227	1	1
0.906	0.906	1.045	43.894	43.749	1	1
0.909	0.909	0.877	43.904	43.808	1	1
0.91	0.91	0.922	43.907	44.032	1	1
0.915	0.915	0.92	43.921	43.862	1	1
0.916	0.916	0.832	43.924	43.83	1	1
0.918	0.956	0.918	43.93	43.948	1	0
0.918	0.918	1.014	43.93	43.667	1	1
0.919	0.937	0.919	43.932	43.814	1	0
0.919	0.805	0.919	43.933	44.066	1	0
0.919	0.919	0.925	43.933	43.871	1	1
0.921	0.921	1.027	43.937	43.809	1	1
0.921	0.921	1.116	43.939	43.728	1	1
0.921	0.921	0.995	43.939	44.204	1	1
0.923	0.923	0.923	43.946	43.789	1	1
0.928	0.928	1.098	43.958	44.088	1	1
0.928	0.928	1.166	43.96	43.908	1	1
0.929	0.929	1.063	43.961	43.967	1	1
0.931	0.931	1.073	43.967	43.981	1	1
0.932	0.932	1.01	43.97	43.888	1	1
0.933	0.933	0.872	43.974	43.556	1	1
0.934	0.934	1.017	43.976	44.039	1	1
0.935	0.935	0.852	43.98	43.931	1	1
0.935	0.935	1.083	43.98	43.843	1	1
0.939	0.994	0.939	43.99	43.947	1	0
0.939	0.939	1.014	43.991	44.342	1	1
0.94	0.94	0.844	43.993	44.053	1	1
0.941	0.941	0.925	43.997	43.88	1	1
0.942	0.942	1.027	43.999	43.933	1	1
0.943	0.943	1.018	44.001	44.172	1	1
0.945	0.945	0.953	44.007	43.908	1	1
0.946	0.946	1.029	44.01	43.616	1	1
0.946	0.946	0.991	44.011	44.102	1	1
0.946	0.946	0.951	44.011	44.032	1	1
0.948	0.948	0.994	44.017	44.022	1	1
0.95	0.95	1.009	44.022	44.544	0	1
0.953	0.953	0.975	44.029	44.118	1	1
0.954	0.954	0.967	44.032	44.228	1	1
0.954	0.954	1.117	44.033	44.026	1	1
0.955	0.955	1.078	44.035	44.034	1	1
0.956	0.956	1.022	44.039	43.808	1	1
0.957	0.957	1.062	44.041	44.048	1	1
0.96	0.96	1.049	44.048	44.057	1	1
0.963	0.963	0.916	44.057	44.12	1	1
0.963	0.963	1.062	44.058	44.354	1	1
0.965	0.965	1.069	44.062	43.971	1	1
0.965	0.965	1.093	44.063	43.964	1	1
0.968	0.968	0.834	44.072	44.011	1	1
0.968	0.968	0.852	44.072	44.086	1	1
0.969	0.969	0.988	44.074	43.99	1	1
0.969	0.969	0.885	44.074	44.312	1	1
0.969	0.969	0.814	44.074	43.864	1	1
0.97	0.97	0.922	44.076	43.867	1	1
0.97	0.97	0.991	44.077	44.145	1	1
0.971	0.971	0.909	44.08	44.218	1	1
0.971	0.971	0.93	44.081	43.824	1	1
0.971	0.971	0.961	44.081	44.17	1	1
0.972	0.972	0.931	44.082	43.995	1	1
0.972	0.972	0.851	44.083	44.004	1	1
0.975	0.975	0.941	44.091	43.937	1	1
0.975	0.975	0.941	44.092	44.179	1	1
0.976	0.976	0.937	44.093	44.168	1	1
0.977	0.977	1.018	44.096	43.966	1	1
0.977	0.977	1.002	44.098	43.802	1	1
0.978	0.978	0.819	44.1	43.867	1	1
0.979	0.979	0.787	44.101	43.761	1	1
0.981	0.981	0.956	44.108	44.355	1	1
0.982	0.982	0.665	44.109	44.493	1	1
0.982	0.982	1.039	44.111	44.408	1	1
0.985	0.985	0.904	44.118	43.845	1	1
0.986	0.986	1.107	44.121	44.169	1	1
0.988	0.897	0.988	44.126	44.242	1	0
0.99	0.99	0.956	44.131	44.199	1	1
0.992	0.992	0.816	44.136	44.392	1	1
0.994	0.994	1.036	44.143	43.626	1	1
0.995	1.062	0.995	44.144	43.994	1	0
0.995	1.025	0.995	44.145	43.701	1	0
0.996	0.996	1.03	44.147	47.367	0	1
0.996	1.023	0.996	44.147	44.12	1	0
0.996	0.996	0.974	44.147	44.391	1	1
0.996	0.996	1.107	44.148	44.5	1	1
0.996	0.996	1.046	44.149	44.14	1	1
0.999	0.999	0.989	44.156	43.778	1	1
1.0	1.0	1.072	44.158	44.231	1	1
1.0	1.0	1.035	44.158	44.273	1	1
