9.358442753099441846e-01 4.376712832929407426e+01 2.000000000000000111e-01 7.617698320019489211e-02
8.223576523590723220e-01 4.324003984462119377e+01 2.000000000000000111e-01 7.342550800993077886e-02
1.487593597706560189e+00 4.532290397685450500e+01 2.000000000000000111e-01 9.211572476851065394e-02
5.868800769501922865e-01 4.223897613650024851e+01 2.000000000000000111e-01 6.092688501580257460e-02
1.685644179860298353e-01 3.990759465044691012e+01 2.000000000000000111e-01 4.636298825710059857e-02
4.636251494585484911e-01 4.176439687419985347e+01 2.000000000000000111e-01 5.619198269063972739e-02
2.427673951757792215e-01 4.115114527131737532e+01 2.000000000000000111e-01 5.281772383395897524e-02
8.107253248302254134e-01 4.326879679948913804e+01 2.000000000000000111e-01 6.922265475956296266e-02
9.730577281452349458e-01 4.387894446825074368e+01 2.000000000000000111e-01 7.505724336864481872e-02
6.464210617657379920e-01 4.309446547722583176e+01 2.000000000000000111e-01 6.761285587516323303e-02
1.113342722484788327e-01 3.858768421921369196e+01 2.000000000000000111e-01 4.468522647022992594e-02
1.379053834745304297e+00 4.513782226308343581e+01 2.000000000000000111e-01 9.516448577727437685e-02
2.086903760583993517e-01 4.053440272155517476e+01 2.000000000000000111e-01 4.945723636092420883e-02
1.215126607560137684e+00 4.442786179158170512e+01 2.000000000000000111e-01 8.170447194476683495e-02
7.081341434172009341e-01 4.373008876230154129e+01 2.000000000000000111e-01 7.197888732460784589e-02
8.893746397569308737e-01 4.387426326114297837e+01 2.000000000000000111e-01 7.498228009371092628e-02
1.196451498894492760e+00 4.452989060632405227e+01 2.000000000000000111e-01 8.750089489779849794e-02
7.687574847404783362e-01 4.391824612269521566e+01 2.000000000000000111e-01 7.606653107226260535e-02
1.278369036586873841e-01 3.827449291316244029e+01 2.000000000000000111e-01 4.372278944020054070e-02
6.372894586985409227e-01 4.285879906556782970e+01 2.000000000000000111e-01 6.368272176628186898e-02
4.173030927234195886e-01 4.164564488658893282e+01 2.000000000000000111e-01 5.615181727681374524e-02
6.410094570591020613e-01 4.348223521092156574e+01 2.000000000000000111e-01 6.838292469432714904e-02
2.054900193436465516e-01 3.987662782554242824e+01 2.000000000000000111e-01 4.773554801313258100e-02
5.192282340386712436e-01 4.265782338347017344e+01 2.000000000000000111e-01 6.384246499096740690e-02
9.040248938414935376e-01 4.405169931954263518e+01 2.000000000000000111e-01 7.535316476480684311e-02
2.544669115981470497e-01 3.985304005133136940e+01 2.000000000000000111e-01 4.888204015085593351e-02
1.291403377178694356e+00 4.501610181523830079e+01 2.000000000000000111e-01 9.039002954722527572e-02
1.212646363073987876e+00 4.460045942869156477e+01 2.000000000000000111e-01 8.987369081549748118e-02
7.851494565407748372e-01 4.391550541106229133e+01 2.000000000000000111e-01 7.525892275650386543e-02
9.945040606147775852e-01 4.398098635199860951e+01 2.000000000000000111e-01 7.664416409715978096e-02
3.297986521209561039e-01 4.127073014793698036e+01 2.000000000000000111e-01 5.520883013814627954e-02
1.344110894224255504e-01 3.936425789294401767e+01 2.000000000000000111e-01 4.563076618636190129e-02
1.246117916728575192e+00 4.484382316862596696e+01 2.000000000000000111e-01 9.398114745412171345e-02
7.058117882931178588e-01 4.304911841293903763e+01 2.000000000000000111e-01 6.601655046821033879e-02
2.866885534348798115e-01 4.059458549070075151e+01 2.000000000000000111e-01 5.049499901768939036e-02
5.873990965455410107e-01 4.289143499080323352e+01 2.000000000000000111e-01 6.344057138874889534e-02
1.080304137918597807e+00 4.472173537277051736e+01 2.000000000000000111e-01 8.939142205584428569e-02
8.452232648971244600e-02 3.679590614796740056e+01 2.000000000000000111e-01 4.212385687817545715e-02
1.241714740261197658e+00 4.484523071768040836e+01 2.000000000000000111e-01 9.129926450864055132e-02
9.538461797143104048e-01 4.381725437715694227e+01 2.000000000000000111e-01 7.608013863512345931e-02
1.336429673495711512e+00 4.462599914519163491e+01 2.000000000000000111e-01 9.251938118266790634e-02
1.038518901311992204e+00 4.430276003713460398e+01 2.000000000000000111e-01 8.086597296653351419e-02
1.608147856796107722e-01 4.057771158529202893e+01 2.000000000000000111e-01 5.101466301669470294e-02
9.427040393652357242e-01 4.457696297511418493e+01 2.000000000000000111e-01 8.580724759176913685e-02
8.559648105752817315e-01 4.413212093933361047e+01 2.000000000000000111e-01 7.913287139505204015e-02
7.297490172598408709e-01 4.318950281119590073e+01 2.000000000000000111e-01 7.023026215509102499e-02
4.215340630563077506e-01 4.129225537696635229e+01 2.000000000000000111e-01 5.436697864493768989e-02
8.097646648451117812e-02 3.861183620287394547e+01 2.000000000000000111e-01 4.391894599981518293e-02
4.516892137477028779e-01 4.231345586832637196e+01 2.000000000000000111e-01 5.935803364516200470e-02
4.979582343524245891e-01 4.181663247344222611e+01 2.000000000000000111e-01 5.608955010794346163e-02
1.098473670076758113e+00 4.473722847549319681e+01 2.000000000000000111e-01 8.239811595054576110e-02
9.445445961819889935e-02 3.704669758133061919e+01 2.000000000000000111e-01 4.221750826677916207e-02
6.505472980700723884e-01 4.291878082371842140e+01 2.000000000000000111e-01 6.350054119057822744e-02
1.021181572660366799e+00 4.459168832243759795e+01 2.000000000000000111e-01 8.929348265626380066e-02
1.883267417082002404e-01 3.878094512300820185e+01 2.000000000000000111e-01 4.503705820217275557e-02
9.095909534910566752e-01 4.403997096263319833e+01 2.000000000000000111e-01 7.774888408098283576e-02
1.194560047478428588e+00 4.448152158192608141e+01 2.000000000000000111e-01 8.412173029434258376e-02
1.401509030174961978e+00 4.468253951842040550e+01 2.000000000000000111e-01 9.219819865886111354e-02
6.426050696766467674e-01 4.329711153180713978e+01 2.000000000000000111e-01 6.786677092411429191e-02
3.199886539841980126e-01 4.105278724278236524e+01 2.000000000000000111e-01 5.353754669869414951e-02
1.503410650362079659e+00 4.461713053564493237e+01 2.000000000000000111e-01 9.462518265551761454e-02
5.741791645752504225e-01 4.289662956895023171e+01 2.000000000000000111e-01 6.220026729190356735e-02
2.240231289129908931e-01 4.000231243405158210e+01 2.000000000000000111e-01 4.789871702834274519e-02
3.410870728248584505e-01 4.173014613303035247e+01 2.000000000000000111e-01 5.499710033827087674e-02
7.952441929092168849e-04 3.672458464561820080e+01 2.000000000000000111e-01 4.189130484829032414e-02
4.555770307069850200e-01 4.164768210432321638e+01 2.000000000000000111e-01 5.591888948274428839e-02
1.071902917818269296e+00 4.459518666726013691e+01 2.000000000000000111e-01 8.341915860696627605e-02
8.300336238084399243e-01 4.360336473907182864e+01 2.000000000000000111e-01 7.391820116511221839e-02
9.076139435138874667e-01 4.430968131213624162e+01 2.000000000000000111e-01 8.182631808279182406e-02
6.157918365752678147e-01 4.307778563511210024e+01 2.000000000000000111e-01 6.648610769333004877e-02
6.165114831832542164e-01 4.285354177997361091e+01 2.000000000000000111e-01 6.544050308629976997e-02
6.071235137553371297e-01 4.249466827034230931e+01 2.000000000000000111e-01 6.194434028573173739e-02
1.955334951930151610e-01 4.017503128395978962e+01 2.000000000000000111e-01 4.799285503686721854e-02
7.265919078435654210e-01 4.392316991578375251e+01 2.000000000000000111e-01 7.182786568263709037e-02
1.319165650112397170e+00 4.453895700188826368e+01 2.000000000000000111e-01 9.403340563586404244e-02
9.617496353782610807e-01 4.432325554664969758e+01 2.000000000000000111e-01 7.620295568023499611e-02
2.233781733890650156e-01 3.976970264103941588e+01 2.000000000000000111e-01 4.788070110732104562e-02
1.359745877711557638e+00 4.514736938044965342e+01 2.000000000000000111e-01 9.502758377426831493e-02
9.364945482937514498e-01 4.424360599683466688e+01 2.000000000000000111e-01 8.270914052413409767e-02
2.730847079140443223e-01 4.052634411780854862e+01 2.000000000000000111e-01 5.049573096390289062e-02
6.372978799889298385e-01 4.335259465467375151e+01 2.000000000000000111e-01 6.786093353641182990e-02
3.145498847975451984e-01 4.104064574814321986e+01 2.000000000000000111e-01 5.358504500482104416e-02
1.074346646785359960e+00 4.427414820636208503e+01 2.000000000000000111e-01 8.495812231281954507e-02
3.253764606074154297e-01 4.049044141271912167e+01 2.000000000000000111e-01 5.155166896943384064e-02
8.679207137062129318e-01 4.453691986713557327e+01 2.000000000000000111e-01 8.017936376017488487e-02
1.461678656337703552e+00 4.490513381428466744e+01 2.000000000000000111e-01 9.438696391471634861e-02
5.324133401413797539e-01 4.274524856466582889e+01 2.000000000000000111e-01 6.499564982983579986e-02
1.061677574436324711e+00 4.443136343816556888e+01 2.000000000000000111e-01 7.998521477496348120e-02
9.226337751625214301e-01 4.374718860514916230e+01 2.000000000000000111e-01 7.448126107606979629e-02
8.684154228232858763e-01 4.401860636704022056e+01 2.000000000000000111e-01 7.461540390041460080e-02
1.509527553402271405e+00 4.509859943204720878e+01 2.000000000000000111e-01 9.414441309991769535e-02
1.356174595106599989e+00 4.446421161853676551e+01 2.000000000000000111e-01 9.010305237580251703e-02
1.311510715539818239e+00 4.452800820908255020e+01 2.000000000000000111e-01 8.758543120296369278e-02
5.367168308929692877e-01 4.240249359337857982e+01 2.000000000000000111e-01 5.888015668187367851e-02
6.285222051701715440e-01 4.324437211874433018e+01 2.000000000000000111e-01 6.964412023677765684e-02
5.538839499893627449e-01 4.186906174887305809e+01 2.000000000000000111e-01 5.821429632547962113e-02
9.965961003861082412e-01 4.351363293649689723e+01 2.000000000000000111e-01 7.486351641778365984e-02
4.168347905098497841e-01 4.215217330614277103e+01 2.000000000000000111e-01 5.812010427763283221e-02
9.497518762801091530e-01 4.443137366130456201e+01 2.000000000000000111e-01 8.303312807133146622e-02
1.058952767687398655e+00 4.416019696106348391e+01 2.000000000000000111e-01 7.717155805291811554e-02
1.435009950705412318e-01 3.900907234857746175e+01 2.000000000000000111e-01 4.489341157519285974e-02
7.441503200320395139e-01 4.363231376467614808e+01 2.000000000000000111e-01 7.252408037344311442e-02
1.260595450788632554e+00 4.463343712668630303e+01 2.000000000000000111e-01 8.872226480950960725e-02
5.488774955293399538e-01 4.271909011010822610e+01 2.000000000000000111e-01 6.431704315705648323e-02
3.941739296782996727e-01 4.193827122013945541e+01 2.000000000000000111e-01 5.453793864062179281e-02
7.460312286701280549e-01 4.348902924987188356e+01 2.000000000000000111e-01 7.122339520670736834e-02
1.183571913699803968e+00 4.439697776490675096e+01 2.000000000000000111e-01 8.452804522481351113e-02
5.942332286619754766e-01 4.318541304270227243e+01 2.000000000000000111e-01 6.680016996901740056e-02
7.154260772379755773e-01 4.274240480628001393e+01 2.000000000000000111e-01 6.448423829088134607e-02
6.738315588853720506e-01 4.357496107694166199e+01 2.000000000000000111e-01 6.759330159839102570e-02
1.038676041833231478e+00 4.396923913806335094e+01 2.000000000000000111e-01 8.031347465726718093e-02
4.197075836803549898e-01 4.193847806019109470e+01 2.000000000000000111e-01 5.692804108731594481e-02
8.687533082421831920e-02 3.965413647967113775e+01 2.000000000000000111e-01 4.604481512427928414e-02
4.438031278242095534e-01 4.253317331084367225e+01 2.000000000000000111e-01 6.084989859100410625e-02
1.341211049957618640e+00 4.515317576613364992e+01 2.000000000000000111e-01 9.253863809695804521e-02
6.034156911699138925e-01 4.249737145842647124e+01 2.000000000000000111e-01 6.230076026500554892e-02
1.261599333789668265e+00 4.440359466969019309e+01 2.000000000000000111e-01 8.669583718196766098e-02
1.954745130034800660e-01 3.934545924862499078e+01 2.000000000000000111e-01 4.595189211025307863e-02
1.461296372695239709e+00 4.542075838206874039e+01 2.000000000000000111e-01 9.454096785721408103e-02
4.431932069036548794e-01 4.212601798984096746e+01 2.000000000000000111e-01 5.997621461159037548e-02
1.388406790697541249e+00 4.503934713942966539e+01 2.000000000000000111e-01 9.536996547495468768e-02
4.471596376810543089e-02 3.682458228219386598e+01 2.000000000000000111e-01 4.190152275759975037e-02
9.820280756045295378e-01 4.419262337108572325e+01 2.000000000000000111e-01 7.816292948682324049e-02
9.839673039806470234e-01 4.407643435318670555e+01 2.000000000000000111e-01 7.842452514334591340e-02
7.764190443878132841e-01 4.407541568777557472e+01 2.000000000000000111e-01 7.666323767728590310e-02
1.181124506574596777e+00 4.440125037525749718e+01 2.000000000000000111e-01 8.541960392281126857e-02
7.537156214802340215e-02 3.741559999228766742e+01 2.000000000000000111e-01 4.257949279313825303e-02
2.013472820266155594e-01 3.960212577539360979e+01 2.000000000000000111e-01 4.784959240017191973e-02
9.964124538633101213e-03 3.663793857680122557e+01 2.000000000000000111e-01 4.178404656105370873e-02
6.339129148253581647e-01 4.260585589101631143e+01 2.000000000000000111e-01 6.180864879171727583e-02
8.179100389991491582e-01 4.394948784672324393e+01 2.000000000000000111e-01 7.605768158900207132e-02
1.049401746424634962e-01 3.894874565229526553e+01 2.000000000000000111e-01 4.581399798181323008e-02
4.734252275038474678e-01 4.229409034882680629e+01 2.000000000000000111e-01 5.937170194761676872e-02
1.319119096140108249e+00 4.483135969768047602e+01 2.000000000000000111e-01 9.479400176698668523e-02
3.279136123534052705e-01 4.178920567502925820e+01 2.000000000000000111e-01 5.536428393730485897e-02
1.154000874936955023e+00 4.448793073445838786e+01 2.000000000000000111e-01 8.984518296464590048e-02
1.141470360419795327e+00 4.484637893631665406e+01 2.000000000000000111e-01 9.332755874318998668e-02
5.812442603317649059e-01 4.235090132091054471e+01 2.000000000000000111e-01 6.034336311500698019e-02
5.026438418540482012e-01 4.280324203636308056e+01 2.000000000000000111e-01 6.351571863797306206e-02
1.379129319955954003e+00 4.454502599594577816e+01 2.000000000000000111e-01 9.236045829686417852e-02
1.935211508170059380e-01 3.931104805518054945e+01 2.000000000000000111e-01 4.574113705740667085e-02
8.065613189442996656e-02 3.638528967095709277e+01 2.000000000000000111e-01 4.199437368087078487e-02
2.164549611593155065e-01 4.067840089511074098e+01 2.000000000000000111e-01 5.083405219223614130e-02
6.851410628442422546e-01 4.312852835812137187e+01 2.000000000000000111e-01 6.853923254553001554e-02
1.331670158745447141e+00 4.481854323032784038e+01 2.000000000000000111e-01 8.807652828367924791e-02
4.225450696818686125e-01 4.207738686511323323e+01 2.000000000000000111e-01 5.939760596242153051e-02
1.310510027543406730e-01 3.849189649953547132e+01 2.000000000000000111e-01 4.452918377582988640e-02
8.527313666930040892e-01 4.373205196322010835e+01 2.000000000000000111e-01 7.531766639302675537e-02
1.409200433849532308e-01 3.908300767801755171e+01 2.000000000000000111e-01 4.550348109333657992e-02
8.919763854528283131e-01 4.370738328939165740e+01 2.000000000000000111e-01 7.336354753554215347e-02
1.170388053298524467e+00 4.435290261378228394e+01 2.000000000000000111e-01 8.411424647705342816e-02
6.720750089770617386e-01 4.278431642324396478e+01 2.000000000000000111e-01 6.736961757828816011e-02
5.673604632944762027e-01 4.229312927034550995e+01 2.000000000000000111e-01 6.247998080066925058e-02
8.169704824620911410e-01 4.345325803479336457e+01 2.000000000000000111e-01 7.288072398455414103e-02
1.294227785866352010e-01 3.898262583375711898e+01 2.000000000000000111e-01 4.476751620525682568e-02
6.197662684276343814e-01 4.322727698304532851e+01 2.000000000000000111e-01 6.575240189497988386e-02
2.574204793095417609e-01 4.087585494974066336e+01 2.000000000000000111e-01 5.110385214108381646e-02
3.041808470827357946e-01 4.044329657861429439e+01 2.000000000000000111e-01 4.975633144323866192e-02
5.973442905811022774e-01 4.292552538060915168e+01 2.000000000000000111e-01 6.706015510415666570e-02
1.322058895066486439e+00 4.454762717806100625e+01 2.000000000000000111e-01 9.379335326234844450e-02
1.009521849028975238e+00 4.473164640931156555e+01 2.000000000000000111e-01 8.575442882375895748e-02
2.800917288963102880e-01 4.087724969330430014e+01 2.000000000000000111e-01 4.992005084886611682e-02
5.345044396341698256e-01 4.234532683760163962e+01 2.000000000000000111e-01 6.065803638022038147e-02
4.283604026721640201e-01 4.166019916009311430e+01 2.000000000000000111e-01 5.646344707048104455e-02
1.421787277977997643e+00 4.489958242322618531e+01 2.000000000000000111e-01 9.166719367946576935e-02
1.069505231257441347e+00 4.425142580604115494e+01 2.000000000000000111e-01 7.952379069359050145e-02
1.015532270086016764e+00 4.416149418863735576e+01 2.000000000000000111e-01 7.760805246002853985e-02
6.965626238451914087e-01 4.344836691888837521e+01 2.000000000000000111e-01 6.778972119392916162e-02
8.890715112445606305e-01 4.349678016703968808e+01 2.000000000000000111e-01 7.214645432905607281e-02
4.676437937195738748e-01 4.198309851868394560e+01 2.000000000000000111e-01 6.065347144886648612e-02
3.322799788659311915e-01 4.060616347405583326e+01 2.000000000000000111e-01 5.042081264615285580e-02
1.071161431654557017e+00 4.418954596508920929e+01 2.000000000000000111e-01 8.265798826084796991e-02
9.644621142106232226e-01 4.389691342746678515e+01 2.000000000000000111e-01 7.877249782137095424e-02
1.065500423666935870e+00 4.475448318544574278e+01 2.000000000000000111e-01 8.406798360753540977e-02
1.216687378992844737e+00 4.503166769104254286e+01 2.000000000000000111e-01 8.925608608620276552e-02
3.076556669474649897e-01 4.178204690763831763e+01 2.000000000000000111e-01 5.562417073202537143e-02
3.651236393972066563e-01 4.169958188568422486e+01 2.000000000000000111e-01 5.415040104182076985e-02
4.788145200791804612e-01 4.154156279678346664e+01 2.000000000000000111e-01 5.471201913514968374e-02
9.966950787250521415e-01 4.370923419924017139e+01 2.000000000000000111e-01 7.884328791543675219e-02
4.451588139563760760e-01 4.248774055512473780e+01 2.000000000000000111e-01 5.888134829619178640e-02
4.768104320666006757e-01 4.190278600365200390e+01 2.000000000000000111e-01 5.798940230035249527e-02
2.771664393385684932e-01 4.074605772268906634e+01 2.000000000000000111e-01 5.106166675100808072e-02
6.288043487562268163e-01 4.280850457474759452e+01 2.000000000000000111e-01 6.466540117664384968e-02
1.217386411302763261e+00 4.467687537836214773e+01 2.000000000000000111e-01 8.443386358379076362e-02
1.645249030040105420e-01 4.053773319564526645e+01 2.000000000000000111e-01 4.980807664174629473e-02
2.353025579340237150e-03 3.761474113123540519e+01 2.000000000000000111e-01 4.323700715922070004e-02
1.065051889603105151e+00 4.451380319179866518e+01 2.000000000000000111e-01 8.132125753202107399e-02
8.826534522926940962e-01 4.369708224173356115e+01 2.000000000000000111e-01 7.350978407559037586e-02
1.102296693221243018e+00 4.442275598792221558e+01 2.000000000000000111e-01 8.256917296772801895e-02
5.307732542948933041e-01 4.217415064279784076e+01 2.000000000000000111e-01 6.086796152674250199e-02
2.812752332731152660e-01 4.095638903156422828e+01 2.000000000000000111e-01 5.134256383640857513e-02
1.294336610433856061e+00 4.496547877107720836e+01 2.000000000000000111e-01 9.519405844185878374e-02
4.849654802661801378e-01 4.176706533081158312e+01 2.000000000000000111e-01 5.733252950972418660e-02
8.267188586095497449e-01 4.346978192462039914e+01 2.000000000000000111e-01 7.211797998310678914e-02
2.165772023276675562e-01 3.992255830289784768e+01 2.000000000000000111e-01 4.764874183532152169e-02
8.643388841672559053e-01 4.370902082021780188e+01 2.000000000000000111e-01 7.296375033344484895e-02
6.991700085758366656e-01 4.341580522209296333e+01 2.000000000000000111e-01 6.775615724418525276e-02
5.049456943955532573e-01 4.186541727250682499e+01 2.000000000000000111e-01 6.076275633171137475e-02
2.745038445145431272e-01 4.040732189138442720e+01 2.000000000000000111e-01 4.939397790584873493e-02
9.053947926566296989e-01 4.447476226484786110e+01 2.000000000000000111e-01 8.203165311768634282e-02
1.697683812026502814e-01 3.992728367537457501e+01 2.000000000000000111e-01 4.775657971201765356e-02
3.681216030071814416e-01 4.087801739891249753e+01 2.000000000000000111e-01 5.247021008645880169e-02
7.463928032072875141e-01 4.369385185158163409e+01 2.000000000000000111e-01 7.206399580533640048e-02
5.555519246037309289e-01 4.308755602792571437e+01 2.000000000000000111e-01 6.689002982098699035e-02
1.113641148605058806e+00 4.445943093313940864e+01 2.000000000000000111e-01 8.490907461274828372e-02
6.683884215674928964e-02 3.773403668184121784e+01 2.000000000000000111e-01 4.291527365193952004e-02
1.176967670961459156e+00 4.468319922254173804e+01 2.000000000000000111e-01 8.887732472982221021e-02
8.825772401622141716e-01 4.331056568472878610e+01 2.000000000000000111e-01 6.981532883531860190e-02
9.322386772237083452e-01 4.387357533476006921e+01 2.000000000000000111e-01 7.762309369954467630e-02
1.267889041729480359e+00 4.456520161867707230e+01 2.000000000000000111e-01 9.359400700139730578e-02
3.415040217717526527e-01 4.046737505284064440e+01 2.000000000000000111e-01 5.028034924963709074e-02
9.009042842063281764e-01 4.430230127073285473e+01 2.000000000000000111e-01 8.159783776655513132e-02
6.682944344401351433e-01 4.318862845276883888e+01 2.000000000000000111e-01 6.776230301483016083e-02
1.452479190908182893e+00 4.491591686217854829e+01 2.000000000000000111e-01 9.543902643337465186e-02
8.564715791962729252e-01 4.361868141635359564e+01 2.000000000000000111e-01 7.322512799848411580e-02
4.250057941709088349e-01 4.148805343212315222e+01 2.000000000000000111e-01 5.537151665824902730e-02
1.080548579773442874e+00 4.406481028476392936e+01 2.000000000000000111e-01 7.779706870021392551e-02
1.455302365727078051e-01 3.834178241885449978e+01 2.000000000000000111e-01 4.374965428643588089e-02
3.341155344205358202e-01 4.182217328316545490e+01 2.000000000000000111e-01 5.369455084554270591e-02
3.279994144201603956e-01 4.107130140414007968e+01 2.000000000000000111e-01 5.370611404585012849e-02
3.871622884011480803e-01 4.223329393295726675e+01 2.000000000000000111e-01 6.213122197883454156e-02
9.133832327579267663e-01 4.397740531009372233e+01 2.000000000000000111e-01 7.539790690233978687e-02
1.510004816403502648e-01 3.797473836923713009e+01 2.000000000000000111e-01 4.315714707083290191e-02
3.792156555539707430e-01 4.225554185019639419e+01 2.000000000000000111e-01 5.730852735184503027e-02
2.425550526471886292e-01 4.106683391264024863e+01 2.000000000000000111e-01 5.349781185497087810e-02
7.002730953152694338e-02 3.879095766977042814e+01 2.000000000000000111e-01 4.490909523490513311e-02
7.284977887386810957e-01 4.367118944392863256e+01 2.000000000000000111e-01 7.327596038423811464e-02
2.891216622319082719e-01 4.108470221700674330e+01 2.000000000000000111e-01 5.153468600938497512e-02
1.457583725255472973e-01 3.875290658975479374e+01 2.000000000000000111e-01 4.506245784842733554e-02
1.013112124309003770e+00 4.453413259147756520e+01 2.000000000000000111e-01 8.169994305549620195e-02
1.389824396740417523e-01 3.918337135928824466e+01 2.000000000000000111e-01 4.520065184074741060e-02
2.264926868436429319e-01 4.068695836718836034e+01 2.000000000000000111e-01 5.101801047351745000e-02
5.801663361857859469e-01 4.237293218525756799e+01 2.000000000000000111e-01 6.165333613878031666e-02
5.278603076126786586e-01 4.276904195055973190e+01 2.000000000000000111e-01 5.954046371823543821e-02
3.699187487665663854e-01 4.182536769007745647e+01 2.000000000000000111e-01 5.587873658916608921e-02
1.315637030051637346e+00 4.471501681969793651e+01 2.000000000000000111e-01 9.057913212657854596e-02
2.903564566218638787e-01 4.147820956607019838e+01 2.000000000000000111e-01 5.382177092338806534e-02
9.924368978650853768e-01 4.399858089429468322e+01 2.000000000000000111e-01 7.664712019920012775e-02
8.657373695448491446e-01 4.401063608791085358e+01 2.000000000000000111e-01 7.469491262030351908e-02
1.156933593374076530e+00 4.478911314974623537e+01 2.000000000000000111e-01 9.170729554917284032e-02
1.441148774149185741e+00 4.522632832558038274e+01 2.000000000000000111e-01 9.311864340196673862e-02
6.033103910804226144e-01 4.330569847754612312e+01 2.000000000000000111e-01 6.675376797447250821e-02
1.261540453849340437e+00 4.492633767080369012e+01 2.000000000000000111e-01 9.088001244728818873e-02
8.228497477124410708e-02 3.462503040116638431e+01 2.000000000000000111e-01 4.071099603835805908e-02
3.451680487758139737e-01 4.107319280112434967e+01 2.000000000000000111e-01 5.217423219919060245e-02
4.733321249796244023e-01 4.273879843027501835e+01 2.000000000000000111e-01 6.401602803829936628e-02
1.232053579423532996e+00 4.411382861331566829e+01 2.000000000000000111e-01 8.222364167865187090e-02
2.122361242514944069e-01 3.939809093843148702e+01 2.000000000000000111e-01 4.657074932834440878e-02
1.441786126703631932e-01 3.970616721461449572e+01 2.000000000000000111e-01 4.645914166791475369e-02
1.548856405489926480e-01 3.902056929559253717e+01 2.000000000000000111e-01 4.534540165551199237e-02
2.427435532198214674e-01 4.084899245065852114e+01 2.000000000000000111e-01 5.039309977713246624e-02
1.301174574606433598e+00 4.442633039409347617e+01 2.000000000000000111e-01 8.990376831715078676e-02
1.157617361182449456e-01 3.795207854081820642e+01 2.000000000000000111e-01 4.378182544800337389e-02
6.721542003637529517e-01 4.263989216914500702e+01 2.000000000000000111e-01 6.424454190917419649e-02
5.010972151872815639e-01 4.196033318727742056e+01 2.000000000000000111e-01 5.964993008920380091e-02
3.577140936629810142e-01 4.148786979414699516e+01 2.000000000000000111e-01 5.517215113911026064e-02
8.177989766421438489e-01 4.342154135542336491e+01 2.000000000000000111e-01 7.145495227648361591e-02
5.499086713224704548e-01 4.237803461646448255e+01 2.000000000000000111e-01 6.154811574649993872e-02
1.153729938394372351e-01 3.649912846783363563e+01 2.000000000000000111e-01 4.189726774383024932e-02
1.348501108328576503e+00 4.533159793231251911e+01 2.000000000000000111e-01 9.423679920012777156e-02
7.114635408905619629e-01 4.339922473162153693e+01 2.000000000000000111e-01 7.313493690659865487e-02
3.884412480544410795e-01 4.123103281182525137e+01 2.000000000000000111e-01 5.426327528783579657e-02
1.263362628860343229e+00 4.493578379791402000e+01 2.000000000000000111e-01 9.223217200375086189e-02
1.310923362352466981e+00 4.495793981798935590e+01 2.000000000000000111e-01 8.915504890228029278e-02
9.803199450912716273e-01 4.366429626611616754e+01 2.000000000000000111e-01 7.601023291497326084e-02
1.397384504406283812e+00 4.489021907786653287e+01 2.000000000000000111e-01 9.250920285497979401e-02
8.498863371026889046e-01 4.352848758116208217e+01 2.000000000000000111e-01 7.274180084142127523e-02
8.031089007674382385e-01 4.329192373769284785e+01 2.000000000000000111e-01 7.071648135068331342e-02
9.694831223123467900e-01 4.405098830234747709e+01 2.000000000000000111e-01 7.690398358476051299e-02
2.653603044780973308e-01 4.075355056226300832e+01 2.000000000000000111e-01 5.078852855427157947e-02
8.212022123682195529e-01 4.399475201884999365e+01 2.000000000000000111e-01 7.397301016224577808e-02
1.050226247002329139e+00 4.414180332700254183e+01 2.000000000000000111e-01 8.107740707058604113e-02
8.149385939321369676e-01 4.364924445700819433e+01 2.000000000000000111e-01 6.986627063682869510e-02
1.008665116724760669e+00 4.450568192776130871e+01 2.000000000000000111e-01 8.824182182286652298e-02
7.367975452442923623e-02 3.519076611063896109e+01 2.000000000000000111e-01 4.091277550085396786e-02
1.127952618699809229e+00 4.489002626658329120e+01 2.000000000000000111e-01 8.844846598760078282e-02
1.110233382039090694e-01 3.908310197369403483e+01 2.000000000000000111e-01 4.568967463630373149e-02
4.334243772628678659e-01 4.248325468073136335e+01 2.000000000000000111e-01 6.071384169859190411e-02
1.273746998790528662e-02 3.801618399896346290e+01 2.000000000000000111e-01 4.333046873620399753e-02
1.257053463518055247e+00 4.509647313909471933e+01 2.000000000000000111e-01 8.984049500221769069e-02
8.948188607877488598e-01 4.389379210919415186e+01 2.000000000000000111e-01 7.523707469368870471e-02
1.148220596281482875e+00 4.415763913692912723e+01 2.000000000000000111e-01 8.065236827989662183e-02
1.087775941388099188e+00 4.431085253530437029e+01 2.000000000000000111e-01 8.441499129976101634e-02
4.124177485491108963e-01 4.164688335620255799e+01 2.000000000000000111e-01 5.658847138879592731e-02
8.737132710258795898e-01 4.333220126659742277e+01 2.000000000000000111e-01 6.885806188824712681e-02
1.308274327326791164e+00 4.507752122012762896e+01 2.000000000000000111e-01 9.216993435480684560e-02
4.738944496226110692e-03 3.578303690118449509e+01 2.000000000000000111e-01 4.142177086605072778e-02
1.090312022063661734e+00 4.511430848333766619e+01 2.000000000000000111e-01 8.792883322939566704e-02
1.127834462362840462e+00 4.457680914392592086e+01 2.000000000000000111e-01 8.084531462661434520e-02
8.958455254696870429e-02 3.708185751579274836e+01 2.000000000000000111e-01 4.239934150101971888e-02
1.250015012624375643e+00 4.433669965790691236e+01 2.000000000000000111e-01 8.480779402319577054e-02
1.430080658703279273e+00 4.506541303346828897e+01 2.000000000000000111e-01 9.529287951978508697e-02
1.304144732514680438e+00 4.501446245777336941e+01 2.000000000000000111e-01 9.500384568443477618e-02
1.022955205564898273e-01 3.679221182460657502e+01 2.000000000000000111e-01 4.215808521834847611e-02
2.036903448412709094e-01 4.062541528925493850e+01 2.000000000000000111e-01 5.054052292041993910e-02
5.239269070722332028e-02 3.671665221760346043e+01 2.000000000000000111e-01 4.160877597558502311e-02
9.476799792878256579e-01 4.383993489474232064e+01 2.000000000000000111e-01 7.813186443134143011e-02
1.333994376080464672e+00 4.488919937679591499e+01 2.000000000000000111e-01 9.169702630624514128e-02
2.131445729217906204e-01 4.136177958152227774e+01 2.000000000000000111e-01 5.421299842396783836e-02
9.829494914989898025e-01 4.436590319743865507e+01 2.000000000000000111e-01 8.340857089051809115e-02
8.742681961353235831e-01 4.331466296109566372e+01 2.000000000000000111e-01 6.772160775212977823e-02
1.165231006651248347e+00 4.417873314433945353e+01 2.000000000000000111e-01 7.946169082644644055e-02
2.617848432070757903e-01 4.115486964945712600e+01 2.000000000000000111e-01 5.380917031195633915e-02
2.787479175086212124e-01 4.118243529272120895e+01 2.000000000000000111e-01 5.144680181556710030e-02
1.010456985650851847e+00 4.435231389971598048e+01 2.000000000000000111e-01 8.393270154154797158e-02
4.082203810249315223e-01 4.164000082149716064e+01 2.000000000000000111e-01 5.719278512864321012e-02
7.944825664714911806e-01 4.370104981068072902e+01 2.000000000000000111e-01 7.585747332185502345e-02
2.511043507564006960e-01 4.058124875057356462e+01 2.000000000000000111e-01 4.967204908201876962e-02
4.055397591648873257e-01 4.177481481576349864e+01 2.000000000000000111e-01 5.548648219426446232e-02
4.136058330277702089e-01 4.227172547001869418e+01 2.000000000000000111e-01 5.817715815275786156e-02
9.714604796071992787e-01 4.370824642065169741e+01 2.000000000000000111e-01 7.953295160012793796e-02
5.396988526135302333e-01 4.229141269504869172e+01 2.000000000000000111e-01 6.000682957655201211e-02
7.146094884066438169e-02 3.729721571868418550e+01 2.000000000000000111e-01 4.241087929605623363e-02
9.289127325747336128e-01 4.395308708265402231e+01 2.000000000000000111e-01 7.466497647714606667e-02
5.665031793109420732e-01 4.242333414030764516e+01 2.000000000000000111e-01 5.957422300610269728e-02
1.078676473939322422e+00 4.419759516701031998e+01 2.000000000000000111e-01 8.480951900301576807e-02
1.089500407130475690e+00 4.448768786246508711e+01 2.000000000000000111e-01 8.614709330823226707e-02
1.028051444412389825e+00 4.443319423683399805e+01 2.000000000000000111e-01 8.162309232339795551e-02
2.503383018718197128e-01 4.026905922036819163e+01 2.000000000000000111e-01 4.767832847439591043e-02
5.954465626631191277e-01 4.234675361941301475e+01 2.000000000000000111e-01 6.084836222059957639e-02
1.030434698250345837e+00 4.446728732119082395e+01 2.000000000000000111e-01 8.269926555399195744e-02
8.145966414141374567e-01 4.370963171155635507e+01 2.000000000000000111e-01 7.203445941341155012e-02
3.638346520907527193e-01 4.217355213341090092e+01 2.000000000000000111e-01 5.936522161722365687e-02
2.714979346763153889e-01 4.029988417457491323e+01 2.000000000000000111e-01 4.961846889937246430e-02
2.279681120594545252e-01 4.045244372985366255e+01 2.000000000000000111e-01 4.898441470684408716e-02
8.037442780773558226e-01 4.374784350028258473e+01 2.000000000000000111e-01 7.496427857047879839e-02
1.141207210293183616e+00 4.458369727850532627e+01 2.000000000000000111e-01 8.615094553284968759e-02
3.206640362095726227e-01 4.117071359715369283e+01 2.000000000000000111e-01 5.323194048923374222e-02
1.116975143546807825e-01 3.962009351012009262e+01 2.000000000000000111e-01 4.668264770720997880e-02
8.563350828197138220e-01 4.380902550058966938e+01 2.000000000000000111e-01 7.557471774471877235e-02
1.299479834671393164e+00 4.489322617191089648e+01 2.000000000000000111e-01 8.877685317714548163e-02
5.075537539309007418e-01 4.271656707372235928e+01 2.000000000000000111e-01 6.223388404433301269e-02
1.366981818585731867e-01 3.939279079262491479e+01 2.000000000000000111e-01 4.652480739357813672e-02
1.084720308896776952e+00 4.460334067299189087e+01 2.000000000000000111e-01 8.497427068052289256e-02
3.277131734608297875e-01 4.091583317152191768e+01 2.000000000000000111e-01 5.174277665060068171e-02
1.331701742872023753e-01 3.894408025253090244e+01 2.000000000000000111e-01 4.469812110538590871e-02
1.259224505564963792e+00 4.507312767064639303e+01 2.000000000000000111e-01 9.060636808691686916e-02
7.141169088437712142e-01 4.309615717541542068e+01 2.000000000000000111e-01 6.548021565331295368e-02
6.072997033781882964e-02 3.711813565402112403e+01 2.000000000000000111e-01 4.218543976073693691e-02
8.021720591666642308e-01 4.276500859037686553e+01 2.000000000000000111e-01 6.487799800216048629e-02
1.341599124749168537e+00 4.457571561566515328e+01 2.000000000000000111e-01 8.885520874177930961e-02
1.540259481036241551e+00 4.457169733256412769e+01 2.000000000000000111e-01 9.518208242840579814e-02
6.882354950242471070e-02 3.664813479339843383e+01 2.000000000000000111e-01 4.177812215646430766e-02
9.150325101010763351e-01 4.434964299657522702e+01 2.000000000000000111e-01 7.811985838540866367e-02
6.526171034268035687e-02 3.583415758737474022e+01 2.000000000000000111e-01 4.141866338597901404e-02
2.777966262849771439e-01 4.068979189119313133e+01 2.000000000000000111e-01 5.088124233689665654e-02
7.601423258319390808e-01 4.274637409817648148e+01 2.000000000000000111e-01 6.785365666703803422e-02
6.370762502634164104e-01 4.319739797818637328e+01 2.000000000000000111e-01 6.754369035514022623e-02
1.389160440346399294e+00 4.454809600336293585e+01 2.000000000000000111e-01 9.067493482234326163e-02
1.749733634586710385e-01 4.054674656594853843e+01 2.000000000000000111e-01 5.069622772818054707e-02
1.258872898797188000e+00 4.472168441195281474e+01 2.000000000000000111e-01 8.768015373574597482e-02
4.189135181092526472e-01 4.188960458970556999e+01 2.000000000000000111e-01 5.669486582645971717e-02
7.609802931072376930e-01 4.327153340549575944e+01 2.000000000000000111e-01 6.785128776158290409e-02
1.014066838336885878e-01 3.611281002576114929e+01 2.000000000000000111e-01 4.173203817037308971e-02
2.887049937701989810e-01 4.064984950773093431e+01 2.000000000000000111e-01 5.061149670370640452e-02
3.347212946103621523e-01 4.126245253255996204e+01 2.000000000000000111e-01 5.438245584361370982e-02
1.159991014828219008e-02 3.502465726623943709e+01 2.000000000000000111e-01 4.077176314768497095e-02
1.358805011046410050e+00 4.480559022746694353e+01 2.000000000000000111e-01 9.488678736426625626e-02
1.215534948422023032e+00 4.473601861827594917e+01 2.000000000000000111e-01 9.054098879765373753e-02
3.275533113355654780e-01 4.141304420223207927e+01 2.000000000000000111e-01 5.584237088577868879e-02
3.769609790643857483e-01 4.169030302510938668e+01 2.000000000000000111e-01 5.578264867328792953e-02
2.487642358818686061e-01 3.969354597126054784e+01 2.000000000000000111e-01 4.745223988623438471e-02
1.418337090974230108e+00 4.486483462268380151e+01 2.000000000000000111e-01 9.266387417126843717e-02
9.752865594144767558e-02 3.686619824351326002e+01 2.000000000000000111e-01 4.216664970779999272e-02
3.010112127966945161e-01 4.169865241015843083e+01 2.000000000000000111e-01 5.476319780628867429e-02
1.125027650808928970e+00 4.421585520538716452e+01 2.000000000000000111e-01 8.400624545492899053e-02
9.691147202290546492e-01 4.415161707251034784e+01 2.000000000000000111e-01 7.982119630913338260e-02
1.063416214287534522e+00 4.462226910888444564e+01 2.000000000000000111e-01 8.468137090708775794e-02
4.150128887824756641e-01 4.258564410999690608e+01 2.000000000000000111e-01 5.948648697353416115e-02
8.784176272417123510e-01 4.342764844631003029e+01 2.000000000000000111e-01 7.586776987671216277e-02
1.466970355448919072e+00 4.474183889902386113e+01 2.000000000000000111e-01 9.413638765448524570e-02
2.126407452476632154e-01 4.126482335312066851e+01 2.000000000000000111e-01 5.217342342421148194e-02
2.353570619788966090e-01 4.080372888757115390e+01 2.000000000000000111e-01 5.163896081490877699e-02
1.532230103767508733e-01 3.967085903514512779e+01 2.000000000000000111e-01 4.732201449487151435e-02
3.623450038208178570e-01 4.170764120190229818e+01 2.000000000000000111e-01 5.553479393717253992e-02
6.286591239453980240e-01 4.280485161686662821e+01 2.000000000000000111e-01 6.687656426133696541e-02
3.662744542001454551e-02 3.709793007274875265e+01 2.000000000000000111e-01 4.243905646762859141e-02
7.601520379728040622e-01 4.352009613426299950e+01 2.000000000000000111e-01 7.113576522553920201e-02
3.571643527733706636e-01 4.157465460833380888e+01 2.000000000000000111e-01 5.317577164196565093e-02
4.297641744006091558e-01 4.233657503832353086e+01 2.000000000000000111e-01 5.699213631299523963e-02
1.182762343533364291e+00 4.457922785953974198e+01 2.000000000000000111e-01 8.180703917865067565e-02
8.474811340855564756e-01 4.429856609479050178e+01 2.000000000000000111e-01 7.887667919887043910e-02
5.514521112437271722e-01 4.272264954625650546e+01 2.000000000000000111e-01 6.180592987643589165e-02
9.097461708811620529e-01 4.330141239164045430e+01 2.000000000000000111e-01 7.145942442353994672e-02
5.259134576170773068e-01 4.255511173905255617e+01 2.000000000000000111e-01 6.125136592420091924e-02
1.109434441561813589e+00 4.421382687857197169e+01 2.000000000000000111e-01 7.704184023959766148e-02
7.287356135754233799e-01 4.311868170540800804e+01 2.000000000000000111e-01 7.250489774281730637e-02
9.468460383077275111e-01 4.354867657638977363e+01 2.000000000000000111e-01 7.580029054697810798e-02
6.836192232793788515e-01 4.237535910908870562e+01 2.000000000000000111e-01 6.154899423248395146e-02
7.115229146343448052e-01 4.325206573601545301e+01 2.000000000000000111e-01 6.839387422523858506e-02
7.666783517150737026e-01 4.346473126585580360e+01 2.000000000000000111e-01 6.960850609781647769e-02
2.526117221312920158e-01 3.898616782926649194e+01 2.000000000000000111e-01 4.557711020855356732e-02
7.462066876229586088e-01 4.306495233456276139e+01 2.000000000000000111e-01 6.978756246826836596e-02
2.974283215086315768e-01 4.084112157754067596e+01 2.000000000000000111e-01 5.213619609030918645e-02
3.706136527457435381e-01 4.129040477070228832e+01 2.000000000000000111e-01 5.289323205867569461e-02
3.838339593071663502e-01 4.105349415969592997e+01 2.000000000000000111e-01 5.409206804312841760e-02
6.724707541366840013e-01 4.300644378530878953e+01 2.000000000000000111e-01 6.592014672541869624e-02
8.452678902659715998e-01 4.415070082975387322e+01 2.000000000000000111e-01 7.856340005604736665e-02
8.818461696613416612e-02 3.725736013553120074e+01 2.000000000000000111e-01 4.243939815660838916e-02
1.771948006781561558e-01 3.968709007640589448e+01 2.000000000000000111e-01 4.716821689284048796e-02
1.251351875501133026e+00 4.514303553911604894e+01 2.000000000000000111e-01 9.029604872457674958e-02
2.227392515000381767e-01 4.058195183951644225e+01 2.000000000000000111e-01 5.087622087586705921e-02
1.049882950865028419e-01 3.889266003778718783e+01 2.000000000000000111e-01 4.634644703287639500e-02
1.232515723333812652e+00 4.491294983280455710e+01 2.000000000000000111e-01 9.443686172875404017e-02
6.605468406816674687e-01 4.275610897167526758e+01 2.000000000000000111e-01 6.503533750584747364e-02
4.318834052076890861e-01 4.167748451967977985e+01 2.000000000000000111e-01 5.590781035160796719e-02
9.475437941285139720e-01 4.389962761305543637e+01 2.000000000000000111e-01 7.787425911895325126e-02
7.340725702600928715e-01 4.346727349674758756e+01 2.000000000000000111e-01 6.958374479683554492e-02
2.236260085019021460e-01 4.048746192816360434e+01 2.000000000000000111e-01 4.984270989073904395e-02
1.151021754708186906e+00 4.479032515322860064e+01 2.000000000000000111e-01 8.912325479720445420e-02
9.729324012492852614e-01 4.495932510603759624e+01 2.000000000000000111e-01 8.363073534843394607e-02
1.191828010215035372e+00 4.436591737598903507e+01 2.000000000000000111e-01 8.656123412069817447e-02
1.001406959113902539e+00 4.421821776510643076e+01 2.000000000000000111e-01 7.982053362137986330e-02
1.237956850423157285e+00 4.520727139511543413e+01 2.000000000000000111e-01 9.486874697216819696e-02
5.369748655069477294e-01 4.243764971318974233e+01 2.000000000000000111e-01 6.181222679665047265e-02
1.292934140312548941e+00 4.515071773300059732e+01 2.000000000000000111e-01 9.196971134626899524e-02
1.232197313497129354e+00 4.483377094003456875e+01 2.000000000000000111e-01 8.801372504112046913e-02
1.166344228366040792e+00 4.447051328090611833e+01 2.000000000000000111e-01 8.775467550401465366e-02
5.386385932541399857e-01 4.263955713646721080e+01 2.000000000000000111e-01 6.400903308059130437e-02
1.401975254350959821e+00 4.519680313200520771e+01 2.000000000000000111e-01 9.575593129364425027e-02
5.999670117645453660e-01 4.298646894580065947e+01 2.000000000000000111e-01 6.614309807148348319e-02
6.469670831505951458e-01 4.271343020144892932e+01 2.000000000000000111e-01 6.209890894495678076e-02
8.274949813454611780e-01 4.371551484445928537e+01 2.000000000000000111e-01 7.532952687626384702e-02
6.858591740492362421e-01 4.282969771855136543e+01 2.000000000000000111e-01 6.207198459418032666e-02
1.445516470223547678e+00 4.512104716839291285e+01 2.000000000000000111e-01 9.492433461816997264e-02
9.263340127051089556e-01 4.361566924547719282e+01 2.000000000000000111e-01 7.832856294860690571e-02
1.280579563482003413e+00 4.468857980163703303e+01 2.000000000000000111e-01 9.141183692401964878e-02
7.336952685462099222e-01 4.364435504343030914e+01 2.000000000000000111e-01 7.069197632873588932e-02
5.338634634350611918e-01 4.239463016886962521e+01 2.000000000000000111e-01 6.098668034283410283e-02
1.115480695769553776e+00 4.478759041602511104e+01 2.000000000000000111e-01 8.885958055097332997e-02
9.157430015587380012e-01 4.384106659955679675e+01 2.000000000000000111e-01 7.532110390341625883e-02
1.215543441760920995e+00 4.491752796685221227e+01 2.000000000000000111e-01 9.246571033789489913e-02
1.080532044279903348e+00 4.422289242303827450e+01 2.000000000000000111e-01 8.179266181101166322e-02
1.573172826026811411e+00 4.551643452611344287e+01 2.000000000000000111e-01 9.365102692601308398e-02
4.887544293791431516e-01 4.152694011583392353e+01 2.000000000000000111e-01 5.701282837228997119e-02
1.297645856074620019e+00 4.455542091834588803e+01 2.000000000000000111e-01 8.723901335149740477e-02
7.221969141951871674e-01 4.378113275206394661e+01 2.000000000000000111e-01 7.227827226444680231e-02
1.071859817399155590e+00 4.425665042122810888e+01 2.000000000000000111e-01 8.255839894258525102e-02
2.663351296468408069e-01 4.026625388883202561e+01 2.000000000000000111e-01 5.009489290857255250e-02
9.261878581755305095e-01 4.358548980418201069e+01 2.000000000000000111e-01 7.339183485494982229e-02
5.228926163796084881e-01 4.223074990290921704e+01 2.000000000000000111e-01 5.819537162552675114e-02
2.892181288672392436e-01 4.094989406871848558e+01 2.000000000000000111e-01 5.327471386133419973e-02
5.400168454676772534e-01 4.189668277172688704e+01 2.000000000000000111e-01 5.773763920679758632e-02
2.736140295443439396e-01 4.072574967801669743e+01 2.000000000000000111e-01 5.108663473553783085e-02
1.159411490371412778e+00 4.431235343506909174e+01 2.000000000000000111e-01 8.449435484373665761e-02
1.346050666910794114e+00 4.462467990074129887e+01 2.000000000000000111e-01 9.236515038350301410e-02
8.143121173281692160e-01 4.368886906279166737e+01 2.000000000000000111e-01 7.383020295371063579e-02
1.178386148175231130e+00 4.440505559149016790e+01 2.000000000000000111e-01 8.490586063961050312e-02
1.219549337632647834e+00 4.477084840266918064e+01 2.000000000000000111e-01 9.189284002209696656e-02
7.640173709003030833e-01 4.310934157794058308e+01 2.000000000000000111e-01 7.143352400774080624e-02
3.649048505627130456e-01 4.161490879084491468e+01 2.000000000000000111e-01 5.504731707353889558e-02
7.839485150163032490e-01 4.344562700789290233e+01 2.000000000000000111e-01 6.945436083646941428e-02
7.090078467147969965e-01 4.292532379890074168e+01 2.000000000000000111e-01 6.686981394283776636e-02
1.484989083939569077e-01 4.014117896165876687e+01 2.000000000000000111e-01 4.755969555123327336e-02
8.874772411427737095e-01 4.388449560923445603e+01 2.000000000000000111e-01 7.827882617422776690e-02
7.468918657043986942e-01 4.318987214375044914e+01 2.000000000000000111e-01 7.077591480000385016e-02
1.237915846797068564e+00 4.482230692094891111e+01 2.000000000000000111e-01 9.411229785765609646e-02
7.378373950919072666e-01 4.355309965832869779e+01 2.000000000000000111e-01 6.869505732305283829e-02
4.293575713506576630e-01 4.193391216586726244e+01 2.000000000000000111e-01 5.656800834485900542e-02
2.578937503118841623e-01 4.058470604098440759e+01 2.000000000000000111e-01 5.074434925159392734e-02
7.883937843354318353e-01 4.345637540720711911e+01 2.000000000000000111e-01 7.064697549715687197e-02
1.354673308049741731e+00 4.490771533281269257e+01 2.000000000000000111e-01 9.311131740783215593e-02
1.158629635728952278e+00 4.493941718142959729e+01 2.000000000000000111e-01 8.752385741283491560e-02
2.233844722814195272e-01 3.975015247769511006e+01 2.000000000000000111e-01 4.687765201423304412e-02
8.882745241611079284e-03 3.581955755875047487e+01 2.000000000000000111e-01 4.141243879906888331e-02
2.193052834468913470e-01 4.010000242146507077e+01 2.000000000000000111e-01 4.812087854155065042e-02
6.725273079800214715e-01 4.340834891310740318e+01 2.000000000000000111e-01 6.742590267255961500e-02
1.463555536597952900e+00 4.506026529219813170e+01 2.000000000000000111e-01 9.408837800201996782e-02
8.388777724054474749e-01 4.346850313070876837e+01 2.000000000000000111e-01 7.194661601004101459e-02
1.088518498331969342e+00 4.466177819251357306e+01 2.000000000000000111e-01 8.549295464888985452e-02
8.809698484030510368e-01 4.362359045671803415e+01 2.000000000000000111e-01 7.541335821590465505e-02
5.310831388642534012e-01 4.231382140818350734e+01 2.000000000000000111e-01 6.192064411964201542e-02
3.478026403137574607e-01 4.193388346322621629e+01 2.000000000000000111e-01 5.620017632473980895e-02
3.030774574255943321e-01 4.022607389952769097e+01 2.000000000000000111e-01 5.010344411053136576e-02
7.747431145555659926e-01 4.369170686483018073e+01 2.000000000000000111e-01 7.361089920930415087e-02
6.140049190891744280e-01 4.296317325879444837e+01 2.000000000000000111e-01 6.448714028939114828e-02
4.768504691131885131e-01 4.174786907179154838e+01 2.000000000000000111e-01 5.508584639248391424e-02
1.058519958419968710e+00 4.409578793434766908e+01 2.000000000000000111e-01 8.571979135646697057e-02
8.671821767846996654e-01 4.404547781675906748e+01 2.000000000000000111e-01 7.648381172287087304e-02
9.323801372215636540e-01 4.381951750769378862e+01 2.000000000000000111e-01 7.857003670645117122e-02
2.189914332731494884e-01 4.014838085782999855e+01 2.000000000000000111e-01 4.932132634632957480e-02
5.016421540349818020e-01 4.243555839226711868e+01 2.000000000000000111e-01 6.036799220722544740e-02
1.116401474530447580e+00 4.442539719150316557e+01 2.000000000000000111e-01 8.525395503904598105e-02
5.234601243906584767e-01 4.231365927680494110e+01 2.000000000000000111e-01 5.918578671942931191e-02
1.369754321609220282e+00 4.477340141181894495e+01 2.000000000000000111e-01 9.155423255166415808e-02
2.933503692474424551e-01 3.989574575932365974e+01 2.000000000000000111e-01 4.789085869790156436e-02
1.073286008083695231e+00 4.441310942840753739e+01 2.000000000000000111e-01 8.249050063459688331e-02
4.889687204605736026e-01 4.218617826311493957e+01 2.000000000000000111e-01 5.941057036589320051e-02
8.511865001665526176e-01 4.356212866911482706e+01 2.000000000000000111e-01 7.393900413606903366e-02
9.213918576753603595e-01 4.382774613004072961e+01 2.000000000000000111e-01 7.192507236331234510e-02
1.381834606783093999e+00 4.450127528241492314e+01 2.000000000000000111e-01 8.717720219451276231e-02
1.506958364776635750e-01 3.992107094183867844e+01 2.000000000000000111e-01 4.760613242902711484e-02
1.024379169876038276e+00 4.438625646352834053e+01 2.000000000000000111e-01 8.393488203736926279e-02
1.388501615557520941e+00 4.498344716315016711e+01 2.000000000000000111e-01 9.134364367557409881e-02
2.648021326219190397e-01 4.123809449101796787e+01 2.000000000000000111e-01 5.404761500235086280e-02
3.353999517116889040e-01 4.154209428003775173e+01 2.000000000000000111e-01 5.419972051200642321e-02
1.445247265878771836e+00 4.511079034021053502e+01 2.000000000000000111e-01 9.494820523468341933e-02
4.321211141913479659e-01 4.229699356856771431e+01 2.000000000000000111e-01 5.822534790739380267e-02
1.192849279037130561e+00 4.407477519536612220e+01 2.000000000000000111e-01 8.538500232107720800e-02
2.143868776566565104e-01 4.018938506713503500e+01 2.000000000000000111e-01 4.806794214552298494e-02
