# Error in mu 0.20
# z   mu
0.017 34.357
0.019 34.795
0.020 34.562
0.020 34.792
0.021 34.384
0.021 34.751
0.022 35.274
0.023 35.210
0.028 35.281
0.028 35.327
0.031 35.625
0.031 35.849
0.031 35.791
0.031 35.953
0.033 35.931
0.034 35.909
0.034 35.957
0.040 36.415
0.040 36.251
0.041 36.336
0.041 36.969
0.041 36.273
0.044 36.238
0.044 36.919
0.045 36.759
0.046 36.803
0.047 36.630
0.047 36.748
0.047 36.876
0.049 36.714
0.049 36.934
0.050 36.871
0.054 36.987
0.056 36.998
0.057 36.847
0.058 37.138
0.060 37.493
0.062 37.315
0.062 37.109
0.063 37.107
0.063 37.281
0.065 37.625
0.066 37.225
0.068 37.449
0.069 37.753
0.072 37.630
0.072 37.371
0.072 37.779
0.074 37.783
0.075 37.511
0.076 37.874
0.077 38.241
0.078 37.998
0.078 37.835
0.080 37.800
0.084 37.969
0.085 37.982
0.086 37.660
0.087 38.478
0.089 38.310
0.090 38.110
0.090 37.901
0.090 38.403
0.090 38.257
0.091 38.542
0.092 38.328
0.092 38.216
0.092 37.973
0.095 38.326
0.096 38.531
0.097 38.338
0.098 37.788
0.100 38.563
0.100 37.879
0.100 38.108
0.101 38.492
0.102 38.023
0.102 38.101
0.105 38.730
0.107 38.680
0.109 38.700
0.110 38.445
0.112 38.591
0.114 38.889
0.115 38.862
0.115 38.571
0.117 38.685
0.119 38.906
0.119 38.395
0.121 38.737
0.121 38.742
0.121 38.924
0.122 39.197
0.123 38.972
0.125 39.118
0.125 38.760
0.125 39.016
0.128 38.456
0.128 38.710
0.129 38.953
0.129 38.976
0.130 38.870
0.130 38.858
0.133 39.014
0.135 39.229
0.136 38.753
0.137 38.990
0.137 39.433
0.137 38.729
0.137 39.160
0.137 39.334
0.138 38.948
0.139 39.274
0.140 39.491
0.141 39.281
0.146 39.224
0.147 39.313
0.148 39.324
0.149 39.412
0.150 39.311
0.150 39.324
0.151 39.570
0.152 38.972
0.152 39.192
0.152 39.362
0.152 39.472
0.153 39.613
0.154 39.668
0.156 39.697
0.156 39.717
0.157 39.535
0.158 39.099
0.159 39.469
0.160 39.259
0.162 39.436
0.162 39.377
0.163 39.387
0.165 39.966
0.166 39.558
0.167 39.790
0.167 39.590
0.167 39.850
0.168 39.409
0.169 39.740
0.172 39.765
0.172 39.530
0.172 39.506
0.172 39.769
0.173 39.382
0.175 39.917
0.175 39.624
0.175 39.999
0.175 39.971
0.177 39.848
0.179 39.732
0.180 39.754
0.183 39.621
0.183 39.970
0.184 39.948
0.187 39.524
0.188 39.670
0.188 39.759
0.189 40.325
0.190 39.834
0.191 40.095
0.191 39.725
0.193 39.909
0.197 40.024
0.198 39.718
0.198 40.020
0.199 40.183
0.200 39.830
0.200 40.035
0.202 39.858
0.203 39.947
0.204 39.991
0.208 40.003
0.211 40.138
0.211 40.041
0.212 40.136
0.213 39.947
0.213 39.841
0.213 40.063
0.215 39.943
0.215 40.098
0.216 40.224
0.216 39.777
0.216 40.257
0.216 40.164
0.217 40.103
0.218 40.217
0.218 40.108
0.220 40.251
0.220 40.339
0.221 39.903
0.221 40.331
0.221 40.355
0.223 40.267
0.224 40.631
0.224 40.249
0.226 40.264
0.228 40.364
0.229 40.254
0.230 40.457
0.231 40.282
0.233 40.060
0.236 40.410
0.236 40.717
0.237 40.412
0.239 40.349
0.239 40.334
0.239 40.305
0.239 40.577
0.240 40.575
0.240 40.386
0.241 40.624
0.243 40.615
0.244 40.614
0.244 40.535
0.244 40.640
0.245 40.747
0.245 40.310
0.246 40.722
0.247 40.519
0.248 40.166
0.251 40.692
0.251 40.880
0.252 40.300
0.253 40.965
0.257 40.802
0.259 40.430
0.261 40.352
0.261 40.870
0.262 40.631
0.263 40.925
0.266 40.855
0.267 40.812
0.268 40.297
0.268 40.965
0.268 40.944
0.269 40.574
0.269 40.771
0.269 41.097
0.269 40.839
0.270 40.699
0.270 40.824
0.270 40.171
0.273 40.816
0.273 40.734
0.275 40.645
0.275 41.126
0.275 40.766
0.275 40.667
0.277 40.678
0.279 40.932
0.279 41.247
0.285 41.105
0.286 40.799
0.286 41.133
0.287 40.574
0.287 41.127
0.290 40.763
0.291 41.016
0.292 40.841
0.292 40.823
0.293 40.683
0.294 41.157
0.295 40.974
0.295 40.908
0.297 41.166
0.297 40.766
0.298 41.132
0.299 41.057
0.300 41.070
0.301 40.872
0.301 41.029
0.302 41.093
0.304 40.859
0.305 40.897
0.306 41.331
0.307 40.997
0.308 40.827
0.310 40.773
0.310 41.306
0.312 41.132
0.312 41.339
0.313 40.997
0.314 41.070
0.315 40.940
0.318 41.018
0.320 41.244
0.322 41.276
0.324 41.144
0.326 41.118
0.326 41.231
0.326 41.294
0.327 41.164
0.332 41.436
0.333 41.164
0.335 41.259
0.337 41.283
0.340 41.557
0.348 41.449
0.349 41.138
0.351 41.093
0.351 41.750
0.352 41.528
0.353 41.377
0.355 41.474
0.356 42.039
0.356 41.400
0.357 41.696
0.358 41.216
0.358 41.165
0.361 41.746
0.361 41.234
0.363 41.116
0.364 41.354
0.365 41.618
0.365 41.505
0.365 41.786
0.365 41.289
0.366 41.413
0.366 41.320
0.367 41.661
0.367 41.440
0.369 41.375
0.369 41.409
0.372 41.039
0.373 41.498
0.377 41.275
0.378 41.740
0.378 41.751
0.379 41.346
0.379 41.409
0.380 41.518
0.381 41.755
0.381 41.554
0.381 41.708
0.382 41.717
0.383 41.764
0.383 41.247
0.384 41.546
0.385 41.718
0.385 41.994
0.388 41.601
0.389 41.918
0.390 41.538
0.390 41.465
0.390 41.260
0.391 41.977
0.391 41.324
0.391 41.925
0.393 41.436
0.394 41.711
0.394 41.563
0.395 41.463
0.395 41.520
0.395 41.431
0.396 41.655
0.396 42.031
0.396 41.354
0.398 42.093
0.398 41.446
0.399 41.348
0.400 41.412
0.403 41.928
0.406 42.140
0.407 41.779
0.410 41.647
0.410 41.840
0.411 41.853
0.413 41.745
0.415 41.852
0.415 42.058
0.416 41.961
0.416 41.547
0.416 41.500
0.417 41.744
0.417 41.671
0.418 42.160
0.421 41.700
0.421 41.760
0.422 41.712
0.423 41.971
0.423 42.195
0.424 42.159
0.424 41.588
0.425 42.063
0.426 41.887
0.426 42.066
0.427 42.006
0.427 42.044
0.427 42.052
0.428 42.053
0.428 42.245
0.428 41.775
0.429 42.134
0.430 42.133
0.431 41.968
0.431 42.062
0.432 41.892
0.433 42.041
0.433 41.865
0.433 41.847
0.433 42.069
0.435 41.499
0.435 41.909
0.437 41.941
0.438 42.066
0.440 42.036
0.440 42.356
0.441 41.648
0.441 41.723
0.442 41.933
0.443 42.206
0.443 41.952
0.444 42.143
0.446 42.144
0.447 41.870
0.448 41.973
0.450 42.078
0.451 41.832
0.453 42.069
0.455 42.280
0.455 42.096
0.456 42.068
0.457 42.152
0.458 42.492
0.459 42.043
0.460 41.699
0.464 42.770
0.464 42.473
0.464 41.923
0.465 42.223
0.472 42.082
0.472 42.175
0.472 42.444
0.473 42.043
0.473 42.118
0.473 42.163
0.473 42.262
0.474 42.375
0.475 42.348
0.476 41.874
0.479 42.097
0.481 42.373
0.481 41.956
0.485 42.413
0.485 42.094
0.486 42.242
0.491 42.156
0.491 42.048
0.492 42.118
0.493 42.021
0.493 42.322
0.493 42.317
0.493 42.665
0.494 42.026
0.494 42.087
0.495 42.091
0.496 42.689
0.497 42.349
0.499 42.174
0.500 42.406
0.500 42.338
0.501 42.164
0.501 42.366
0.502 42.132
0.506 42.438
0.506 42.302
0.507 42.776
0.509 41.864
0.510 42.250
0.511 42.439
0.511 42.769
0.514 42.373
0.515 42.460
0.515 42.410
0.515 42.409
0.515 42.054
0.517 42.655
0.518 42.382
0.518 42.242
0.519 42.469
0.519 42.373
0.519 42.419
0.519 42.446
0.519 42.080
0.520 42.162
0.522 42.226
0.525 42.495
0.527 42.355
0.527 42.359
0.527 42.551
0.528 42.191
0.529 42.478
0.529 42.534
0.529 42.530
0.529 42.573
0.530 42.756
0.532 42.820
0.532 42.685
0.533 42.463
0.535 42.759
0.537 42.797
0.537 42.477
0.539 42.547
0.540 42.335
0.540 42.701
0.540 42.641
0.541 42.812
0.541 42.182
0.543 42.660
0.545 42.541
0.545 42.478
0.545 42.815
0.546 42.785
0.547 42.484
0.548 42.613
0.548 42.610
0.549 42.699
0.549 42.895
0.550 42.672
0.551 42.834
0.552 42.841
0.552 42.157
0.553 42.110
0.553 42.430
0.554 42.933
0.555 42.403
0.556 42.270
0.556 42.424
0.556 42.355
0.556 42.576
0.557 42.291
0.557 42.789
0.559 42.543
0.563 42.451
0.564 42.793
0.564 42.636
0.565 42.725
0.565 42.680
0.565 42.824
0.565 42.557
0.567 42.634
0.567 42.845
0.567 42.391
0.567 42.641
0.569 42.834
0.570 42.562
0.571 42.633
0.572 42.543
0.572 42.678
0.573 42.704
0.573 42.593
0.574 42.566
0.575 42.525
0.575 42.762
0.575 42.335
0.575 42.848
0.579 42.508
0.580 42.659
0.581 42.633
0.582 43.026
0.582 42.821
0.583 42.633
0.584 42.642
0.587 42.522
0.588 42.974
0.590 43.240
0.592 42.557
0.592 42.607
0.592 43.083
0.594 42.568
0.594 42.636
0.594 42.892
0.594 42.720
0.596 42.873
0.596 42.920
0.597 42.864
0.599 42.718
0.599 42.542
0.599 42.933
0.600 42.894
0.600 42.607
0.605 42.954
0.606 43.118
0.607 42.842
0.607 42.733
0.608 43.289
0.610 42.906
0.611 42.757
0.612 42.761
0.614 42.865
0.615 42.786
0.616 42.849
0.616 42.439
0.618 43.098
0.619 42.813
0.619 42.468
0.620 42.664
0.622 42.853
0.622 43.210
0.625 43.024
0.626 42.920
0.627 42.613
0.629 42.777
0.630 42.626
0.633 42.795
0.633 43.121
0.635 42.857
0.635 43.186
0.637 42.828
0.638 43.060
0.639 42.798
0.640 43.088
0.641 42.839
0.642 43.077
0.644 43.212
0.644 43.207
0.645 43.451
0.645 43.139
0.646 42.625
0.647 43.263
0.647 42.828
0.649 43.290
0.649 43.117
0.657 43.180
0.657 43.326
0.658 43.076
0.658 42.853
0.659 43.165
0.660 42.988
0.660 42.912
0.662 43.111
0.663 43.217
0.664 43.252
0.664 43.276
0.665 43.129
0.665 43.113
0.665 43.309
0.667 43.206
0.671 43.148
0.671 43.122
0.671 43.249
0.673 43.231
0.674 43.041
0.675 43.197
0.675 43.163
0.675 42.949
0.677 43.122
0.681 43.120
0.682 43.389
0.682 43.203
0.683 43.245
0.684 43.285
0.686 43.452
0.688 43.032
0.688 43.460
0.689 42.959
0.691 43.050
0.691 42.841
0.692 43.269
0.692 43.231
0.693 43.332
0.694 43.252
0.695 43.277
0.696 43.497
0.697 43.233
0.698 43.013
0.699 42.878
0.700 43.127
0.700 42.792
0.700 43.073
0.701 43.447
0.702 43.083
0.702 43.113
0.702 43.530
0.703 43.487
0.704 43.448
0.704 43.431
0.705 43.241
0.705 43.242
0.705 43.475
0.706 43.079
0.707 43.019
0.708 43.262
0.708 43.271
0.711 43.508
0.711 43.332
0.713 43.313
0.714 43.833
0.715 43.059
0.715 43.472
0.717 43.415
0.720 43.052
0.720 43.750
0.721 43.324
0.722 43.328
0.723 43.131
0.723 43.093
0.724 43.310
0.726 43.604
0.726 43.119
0.729 43.354
0.729 42.986
0.730 43.280
0.730 43.264
0.731 43.433
0.732 43.427
0.732 42.779
0.732 42.973
0.734 43.358
0.735 43.562
0.735 43.368
0.739 43.179
0.739 43.400
0.740 42.900
0.740 42.997
0.740 43.472
0.742 43.204
0.744 43.424
0.744 43.155
0.744 43.267
0.746 43.487
0.747 43.408
0.748 43.318
0.748 43.610
0.749 43.610
0.750 43.384
0.751 43.328
0.752 42.986
0.753 43.670
0.754 43.423
0.755 43.566
0.757 43.613
0.757 43.170
0.759 43.279
0.759 43.589
0.760 43.439
0.761 43.311
0.765 43.769
0.766 43.370
0.767 43.614
0.768 43.641
0.768 43.439
0.769 43.583
0.770 43.077
0.770 43.693
0.771 43.308
0.772 43.495
0.772 43.228
0.772 43.006
0.773 43.917
0.775 43.241
0.775 43.498
0.776 43.453
0.777 43.440
0.779 43.044
0.779 43.590
0.780 43.223
0.781 43.295
0.782 43.173
0.783 43.735
0.783 43.619
0.784 43.254
0.786 43.612
0.789 43.323
0.790 44.022
0.790 43.516
0.791 43.482
0.791 43.749
0.792 43.899
0.792 43.613
0.792 43.751
0.793 43.749
0.794 43.433
0.794 43.210
0.795 43.405
0.796 43.311
0.797 43.445
0.797 43.624
0.799 43.427
0.800 43.673
0.800 43.506
0.801 43.721
0.802 43.167
0.803 43.812
0.807 43.322
0.808 43.895
0.810 43.738
0.812 43.985
0.813 43.377
0.815 43.714
0.815 43.424
0.816 43.803
0.816 43.714
0.816 43.586
0.817 43.722
0.818 43.654
0.818 43.729
0.818 43.228
0.820 43.934
0.822 43.449
0.822 43.508
0.824 43.522
0.825 43.780
0.826 43.785
0.827 43.789
0.828 43.453
0.828 43.658
0.830 43.442
0.830 43.079
0.830 43.706
0.831 43.867
0.831 43.531
0.831 43.532
0.833 43.588
0.834 43.874
0.834 43.804
0.834 43.760
0.834 43.461
0.836 43.597
0.836 43.735
0.836 43.474
0.840 43.351
0.844 43.534
0.844 43.570
0.844 43.973
0.844 43.632
0.845 43.594
0.846 43.581
0.847 44.088
0.847 43.211
0.847 43.597
0.848 43.804
0.848 43.569
0.849 43.878
0.851 43.524
0.854 43.805
0.854 43.796
0.854 43.774
0.855 43.408
0.855 43.595
0.858 43.408
0.858 43.806
0.858 43.509
0.860 43.846
0.867 43.564
0.869 43.782
0.870 43.917
0.871 44.033
0.874 43.958
0.874 43.405
0.875 43.966
0.876 43.475
0.878 43.798
0.880 43.823
0.881 43.642
0.881 43.507
0.883 44.031
0.885 43.864
0.885 44.121
0.886 43.677
0.890 44.135
0.890 43.993
0.890 43.876
0.892 43.927
0.894 43.934
0.895 43.956
0.895 43.778
0.896 43.650
0.896 44.019
0.896 44.140
0.898 43.997
0.899 43.910
0.899 43.862
0.899 44.137
0.900 43.800
0.902 43.739
0.902 44.000
0.903 43.793
0.904 44.043
0.905 43.817
0.905 43.877
0.906 43.844
0.906 43.944
0.910 44.239
0.910 44.353
0.912 44.112
0.913 43.760
0.913 43.800
0.914 43.606
0.918 43.564
0.919 43.793
0.920 43.899
0.920 44.251
0.921 44.030
0.924 43.949
0.925 44.037
0.926 44.002
0.927 43.934
0.928 43.826
0.929 44.020
0.930 43.810
0.931 44.353
0.931 43.641
0.934 44.095
0.937 43.811
0.937 44.100
0.937 44.041
0.937 44.088
0.938 44.025
0.939 43.978
0.939 43.775
0.940 44.324
0.940 44.168
0.940 43.798
0.942 44.058
0.944 43.845
0.945 43.679
0.945 43.818
0.947 44.098
0.947 44.472
0.947 44.041
0.948 44.180
0.949 44.702
0.950 44.049
0.951 44.063
0.951 44.259
0.952 44.107
0.952 44.499
0.952 43.831
0.952 43.776
0.953 43.970
0.954 44.114
0.957 44.417
0.957 44.005
0.958 43.968
0.959 43.861
0.959 44.519
0.959 43.826
0.960 43.733
0.961 43.965
0.961 43.671
0.961 43.772
0.962 44.255
0.962 44.056
0.963 44.105
0.964 44.144
0.964 43.940
0.964 43.858
0.965 44.058
0.965 43.924
0.965 43.734
0.965 44.076
0.966 43.946
0.968 44.118
0.968 44.333
0.969 44.266
0.970 43.985
0.971 44.272
0.973 43.835
0.973 43.792
0.974 44.222
0.974 43.949
0.975 44.189
0.976 44.224
0.977 43.635
0.977 44.386
0.978 44.430
0.979 43.600
0.979 44.057
0.979 44.426
0.979 44.045
0.982 44.236
0.982 44.192
0.983 44.151
0.984 44.039
0.984 44.531
0.985 44.014
0.985 44.315
0.986 43.987
0.986 44.028
0.986 44.300
0.987 44.159
0.988 44.193
0.989 43.938
0.991 44.474
0.993 43.995
0.995 44.168
0.995 44.043
0.995 44.078
0.997 44.266
0.998 44.005
0.998 43.987
0.999 44.217
1.000 44.357
1.000 44.196
