# Error in z 0.04
# Error in mu 0.20 for Ia and 1.50 for nonaIa
# Type=1 for Ia, 0 otherwise
# cor_z=1 if z_obs correct host, 0 otherwise
# z_obs  z_shifted   mu_t   mu_o   type   cor_z
0.016 0.016 34.319 34.258 1 1
0.021 0.021 34.892 34.775 1 1
0.027 0.027 35.400 35.723 1 1
0.029 0.029 35.568 35.471 1 1
0.029 0.029 35.625 35.848 1 1
0.033 0.033 35.869 35.646 1 1
0.034 0.034 35.967 35.911 1 1
0.035 0.035 36.020 35.839 1 1
0.036 0.036 36.071 36.131 1 1
0.037 0.037 36.109 36.434 1 1
0.038 0.038 36.172 35.898 1 1
0.038 0.038 36.192 36.345 1 1
0.038 0.038 36.214 36.275 1 1
0.040 0.040 36.283 36.229 1 1
0.040 0.040 36.327 36.082 1 1
0.043 0.043 36.457 36.371 1 1
0.043 0.043 36.476 36.045 1 1
0.047 0.047 36.657 36.290 1 1
0.047 0.047 36.687 36.647 1 1
0.048 0.048 36.702 36.475 1 1
0.051 0.051 36.833 36.969 1 1
0.052 0.052 36.915 36.899 1 1
0.053 0.053 36.931 36.758 1 1
0.053 0.053 36.937 36.821 1 1
0.054 0.054 36.999 36.966 1 1
0.055 0.055 37.003 37.033 1 1
0.058 0.058 37.128 37.171 1 1
0.058 0.058 37.132 36.912 1 1
0.058 0.058 37.148 37.265 1 1
0.059 0.059 37.162 37.219 1 1
0.059 0.059 37.184 37.420 1 1
0.060 0.060 37.217 37.197 1 1
0.062 0.062 37.299 37.653 1 1
0.063 0.063 37.327 37.410 1 1
0.063 0.063 37.339 37.310 1 1
0.063 0.063 37.343 37.227 1 1
0.064 0.064 37.373 37.125 1 1
0.066 0.066 37.416 37.528 1 1
0.066 0.066 37.439 37.517 1 1
0.068 0.068 37.486 37.192 1 1
0.068 0.068 37.508 37.252 1 1
0.068 0.068 37.516 37.785 1 1
0.071 0.071 37.591 37.203 1 1
0.072 0.072 37.620 37.847 1 1
0.073 0.073 37.653 37.420 1 1
0.073 0.073 37.666 37.790 1 1
0.075 0.075 37.714 37.970 1 1
0.076 0.076 37.744 37.653 1 1
0.077 0.077 37.790 37.804 1 1
0.078 0.078 37.822 38.061 1 1
0.078 0.078 37.824 37.623 1 1
0.080 0.080 37.879 37.690 1 1
0.083 0.083 37.962 37.922 1 1
0.083 0.083 37.964 38.124 1 1
0.084 0.084 37.976 38.369 1 1
0.084 0.084 37.979 37.872 1 1
0.085 0.085 38.011 38.258 1 1
0.086 0.086 38.038 38.102 1 1
0.086 0.086 38.045 38.120 1 1
0.087 0.087 38.072 38.072 1 1
0.089 0.089 38.109 37.910 1 1
0.089 0.089 38.120 38.164 1 1
0.090 0.090 38.146 37.972 1 1
0.091 0.091 38.155 38.340 1 1
0.092 0.092 38.185 37.850 1 1
0.092 0.092 38.203 37.934 1 1
0.093 0.093 38.210 38.240 1 1
0.093 0.093 38.216 38.279 1 1
0.094 0.094 38.230 37.919 1 1
0.094 0.094 38.235 38.001 1 1
0.094 0.094 38.246 37.933 1 1
0.095 0.095 38.266 38.430 1 1
0.096 0.096 38.283 37.950 1 1
0.099 0.099 38.367 38.554 1 1
0.100 0.194 38.388 38.489 1 1
0.100 0.094 38.394 38.339 1 1
0.101 0.189 38.405 40.809 0 1
0.103 0.207 38.464 38.843 1 1
0.104 0.173 38.479 38.401 1 1
0.104 0.026 38.481 38.525 1 1
0.105 0.030 38.492 38.803 1 1
0.106 0.146 38.523 38.749 1 1
0.106 0.105 38.525 38.630 1 1
0.107 0.135 38.546 38.608 1 1
0.110 0.162 38.602 38.232 1 1
0.110 0.116 38.604 40.515 0 1
0.110 0.200 38.606 39.501 0 1
0.110 0.199 38.609 38.987 1 1
0.111 0.247 38.625 38.869 1 1
0.010 0.112 38.647 38.337 1 1
0.114 0.060 38.689 39.023 1 1
0.114 0.010 38.690 38.356 1 1
0.114 0.211 38.691 39.030 1 1
0.115 0.006 38.711 38.522 1 1
0.258 0.116 38.737 38.775 1 1
0.117 0.032 38.740 42.764 0 1
0.117 0.268 38.741 39.036 1 1
0.118 0.067 38.766 38.754 1 1
0.118 0.193 38.768 39.174 1 1
0.120 0.067 38.800 38.663 1 1
0.122 0.009 38.843 40.257 0 1
0.122 0.187 38.846 38.924 1 1
0.123 0.053 38.858 38.642 1 1
0.124 0.176 38.884 39.676 0 1
0.126 0.265 38.915 39.165 1 1
0.127 0.172 38.946 39.076 1 1
0.128 0.095 38.965 39.262 1 1
0.128 0.089 38.967 39.014 1 1
0.129 0.114 38.986 39.243 1 1
0.131 0.038 39.017 39.148 1 1
0.132 0.193 39.029 39.113 1 1
0.133 0.099 39.054 39.095 1 1
0.136 0.120 39.098 38.907 1 1
0.140 0.197 39.171 39.290 1 1
0.140 0.054 39.177 39.113 1 1
0.142 0.222 39.213 39.265 1 1
0.143 0.011 39.214 41.951 0 1
0.145 0.152 39.253 39.146 1 1
0.145 0.203 39.257 39.151 1 1
0.146 0.101 39.273 39.773 1 1
0.138 0.147 39.280 39.344 1 1
0.147 0.032 39.290 39.488 1 1
0.153 0.123 39.377 39.639 1 1
0.154 0.102 39.398 39.638 1 1
0.154 0.239 39.401 39.465 1 1
0.155 0.228 39.414 39.618 1 1
0.157 0.278 39.450 39.417 1 1
0.158 0.319 39.458 39.584 1 1
0.158 0.212 39.461 39.533 1 1
0.160 0.218 39.489 39.033 1 1
0.160 0.275 39.492 42.437 0 1
0.162 0.181 39.513 39.435 1 1
0.162 0.134 39.516 39.871 1 1
0.162 0.094 39.518 39.288 1 1
0.164 0.152 39.547 39.815 1 1
0.165 0.174 39.569 39.590 1 1
0.169 0.121 39.624 39.826 1 1
0.169 0.251 39.624 39.617 1 1
0.171 0.203 39.649 39.645 1 1
0.172 0.171 39.668 39.707 1 1
0.173 0.225 39.671 41.245 0 1
0.175 0.078 39.698 39.806 1 1
0.208 0.179 39.753 39.549 1 1
0.180 0.398 39.764 39.526 1 1
0.180 0.134 39.767 39.553 1 1
0.112 0.180 39.773 39.789 1 1
0.180 0.225 39.774 39.817 1 1
0.181 0.204 39.789 39.495 1 1
0.182 0.222 39.792 39.922 1 1
0.182 0.163 39.803 39.715 1 1
0.184 0.186 39.826 39.665 1 1
0.186 0.077 39.844 39.824 1 1
0.187 0.123 39.868 39.660 1 1
0.188 0.222 39.869 39.804 1 1
0.189 0.062 39.889 39.981 1 1
0.189 0.195 39.891 39.801 1 1
0.190 0.103 39.902 40.184 1 1
0.193 0.180 39.933 39.878 1 1
0.193 0.279 39.936 40.058 1 1
0.193 0.085 39.943 39.516 1 1
0.193 0.122 39.943 39.778 1 1
0.194 0.394 39.946 39.923 1 1
0.194 0.042 39.956 40.575 1 1
0.196 0.220 39.971 40.431 1 1
0.196 0.307 39.976 40.122 1 1
0.198 0.323 39.999 40.082 1 1
0.300 0.199 40.018 40.357 1 1
0.201 0.079 40.037 40.104 1 1
0.201 0.159 40.042 40.282 1 1
0.204 0.183 40.074 42.952 0 1
0.204 0.133 40.077 40.053 1 1
0.205 0.213 40.078 39.834 1 1
0.206 0.190 40.093 40.299 1 1
0.207 0.107 40.104 39.851 1 1
0.207 0.307 40.108 39.950 1 1
0.207 0.309 40.112 40.069 1 1
0.207 0.265 40.113 40.098 1 1
0.207 0.148 40.113 40.341 1 1
0.257 0.208 40.119 40.200 1 1
0.208 0.072 40.125 40.071 1 1
0.210 0.312 40.140 40.056 1 1
0.210 0.121 40.141 40.121 1 1
0.213 0.153 40.177 40.254 1 1
0.217 0.245 40.222 40.256 1 1
0.217 0.229 40.224 40.520 1 1
0.320 0.217 40.225 40.134 1 1
0.324 0.218 40.231 40.468 1 1
0.286 0.218 40.236 40.328 1 1
0.129 0.219 40.246 40.597 1 1
0.220 0.341 40.256 40.197 1 1
0.220 0.265 40.257 40.213 1 1
0.220 0.180 40.259 40.405 1 1
0.221 0.430 40.270 40.217 1 1
0.223 0.256 40.294 40.164 1 1
0.108 0.225 40.308 40.224 1 1
0.225 0.027 40.311 40.480 1 1
0.358 0.226 40.318 40.169 1 1
0.228 0.119 40.348 40.234 1 1
0.229 0.140 40.351 40.741 1 1
0.230 0.151 40.361 40.070 1 1
0.230 0.443 40.366 40.473 1 1
0.231 0.301 40.374 40.504 1 1
0.233 0.260 40.392 40.362 1 1
0.233 0.368 40.397 42.475 0 1
0.233 0.287 40.398 40.126 1 1
0.234 0.104 40.403 39.902 1 1
0.235 0.129 40.421 40.199 1 1
0.236 0.239 40.426 40.156 1 1
0.237 0.177 40.433 40.454 1 1
0.240 0.347 40.465 40.165 1 1
0.243 0.090 40.495 40.293 1 1
0.244 0.205 40.505 40.619 1 1
0.328 0.244 40.514 40.141 1 1
0.250 0.246 40.534 40.847 1 1
0.247 0.256 40.536 40.286 1 1
0.247 0.179 40.543 40.663 1 1
0.248 0.168 40.553 40.420 1 1
0.249 0.132 40.557 40.716 1 1
0.250 0.201 40.567 40.576 1 1
0.250 0.158 40.569 40.350 1 1
0.300 0.250 40.572 40.626 1 1
0.250 0.179 40.573 40.494 1 1
0.252 0.399 40.593 40.516 1 1
0.252 0.278 40.593 40.856 1 1
0.254 0.397 40.607 40.686 1 1
0.254 0.397 40.612 40.800 1 1
0.255 0.293 40.622 40.700 1 1
0.256 0.449 40.628 40.678 1 1
0.256 0.355 40.630 40.551 1 1
0.256 0.194 40.633 41.194 1 1
0.259 0.299 40.656 41.170 1 1
0.260 0.406 40.663 40.737 1 1
0.397 0.260 40.668 41.061 1 1
0.262 0.264 40.684 45.029 0 1
0.263 0.176 40.690 40.852 1 1
0.263 0.143 40.692 40.661 1 1
0.263 0.135 40.696 40.778 1 1
0.264 0.033 40.702 40.931 1 1
0.264 0.213 40.708 41.019 1 1
0.265 0.293 40.714 40.910 1 1
0.236 0.265 40.717 40.362 1 1
0.266 0.158 40.721 40.756 1 1
0.268 0.148 40.743 40.671 1 1
0.270 0.195 40.764 43.564 0 1
0.271 0.279 40.769 40.695 1 1
0.271 0.348 40.772 40.542 1 1
0.274 0.228 40.794 40.707 1 1
0.274 0.421 40.799 40.609 1 1
0.274 0.326 40.800 40.750 1 1
0.276 0.368 40.812 40.954 1 1
0.277 0.187 40.824 40.809 1 1
0.278 0.155 40.834 40.881 1 1
0.278 0.215 40.836 40.596 1 1
0.280 0.165 40.846 40.939 1 1
0.282 0.237 40.865 40.737 1 1
0.283 0.337 40.880 45.644 0 1
0.285 0.323 40.895 41.005 1 1
0.285 0.367 40.896 40.637 1 1
0.286 0.283 40.902 40.953 1 1
0.286 0.217 40.904 41.231 1 1
0.287 0.320 40.907 40.901 1 1
0.201 0.288 40.917 40.822 1 1
0.288 0.284 40.921 41.178 1 1
0.256 0.288 40.924 40.808 1 1
0.289 0.205 40.925 40.697 1 1
0.290 0.247 40.938 40.840 1 1
0.291 0.221 40.950 40.927 1 1
0.292 0.407 40.951 40.874 1 1
0.293 0.325 40.966 40.928 1 1
0.296 0.199 40.992 40.990 1 1
0.298 0.405 41.001 40.544 1 1
0.299 0.408 41.015 41.213 1 1
0.300 0.263 41.018 40.896 1 1
0.300 0.421 41.019 40.735 1 1
0.302 0.336 41.040 41.054 1 1
0.303 0.288 41.046 41.169 1 1
0.303 0.398 41.051 41.304 1 1
0.304 0.455 41.053 41.074 1 1
0.304 0.264 41.059 41.237 1 1
0.305 0.299 41.060 41.362 1 1
0.305 0.306 41.063 41.022 1 1
0.306 0.422 41.069 41.092 1 1
0.306 0.219 41.070 40.551 1 1
0.306 0.282 41.075 41.015 1 1
0.308 0.209 41.086 41.130 1 1
0.308 0.187 41.086 41.447 1 1
0.309 0.340 41.098 40.913 1 1
0.310 0.312 41.101 41.230 1 1
0.310 0.351 41.105 40.930 1 1
0.310 0.328 41.106 40.788 1 1
0.311 0.293 41.109 41.425 1 1
0.311 0.313 41.114 41.006 1 1
0.312 0.213 41.118 41.196 1 1
0.312 0.253 41.122 40.944 1 1
0.313 0.319 41.126 41.301 1 1
0.313 0.251 41.129 41.367 1 1
0.314 0.298 41.134 40.772 1 1
0.315 0.364 41.146 43.687 0 1
0.275 0.316 41.151 41.218 1 1
0.318 0.245 41.171 41.348 1 1
0.319 0.384 41.173 40.831 1 1
0.319 0.406 41.174 41.314 1 1
0.319 0.353 41.175 41.271 1 1
0.323 0.410 41.207 40.962 1 1
0.324 0.280 41.217 41.392 1 1
0.324 0.343 41.219 41.255 1 1
0.325 0.316 41.225 41.260 1 1
0.326 0.171 41.229 41.108 1 1
0.326 0.269 41.230 41.331 1 1
0.418 0.327 41.236 41.418 1 1
0.328 0.337 41.243 41.065 1 1
0.328 0.254 41.245 41.376 1 1
0.329 0.321 41.251 41.434 1 1
0.329 0.173 41.253 41.544 1 1
0.329 0.251 41.256 41.259 1 1
0.330 0.320 41.261 41.301 1 1
0.330 0.388 41.263 40.973 1 1
0.331 0.359 41.270 41.404 1 1
0.333 0.319 41.288 41.357 1 1
0.334 0.323 41.292 41.470 1 1
0.334 0.347 41.295 41.423 1 1
0.335 0.427 41.302 41.254 1 1
0.336 0.344 41.307 41.345 1 1
0.337 0.260 41.311 41.012 1 1
0.340 0.378 41.334 41.387 1 1
0.341 0.373 41.343 41.674 1 1
0.343 0.321 41.359 43.100 0 1
0.343 0.379 41.360 41.341 1 1
0.345 0.322 41.376 41.433 1 1
0.345 0.427 41.376 41.268 1 1
0.347 0.387 41.385 41.270 1 1
0.226 0.349 41.399 43.813 0 1
0.349 0.304 41.400 41.452 1 1
0.349 0.377 41.401 41.651 1 1
0.349 0.439 41.402 41.167 1 1
0.352 0.275 41.421 41.333 1 1
0.353 0.217 41.430 41.427 1 1
0.354 0.449 41.435 41.567 1 1
0.354 0.359 41.442 41.602 1 1
0.356 0.259 41.454 41.827 1 1
0.380 0.360 41.482 41.806 1 1
0.360 0.316 41.483 41.477 1 1
0.361 0.459 41.491 41.326 1 1
0.362 0.390 41.497 41.463 1 1
0.308 0.362 41.498 41.463 1 1
0.363 0.400 41.503 41.617 1 1
0.364 0.293 41.511 41.779 1 1
0.365 0.218 41.517 41.466 1 1
0.366 0.320 41.520 41.656 1 1
0.369 0.307 41.542 41.487 1 1
0.373 0.379 41.571 41.668 1 1
0.373 0.373 41.573 41.399 1 1
0.373 0.346 41.574 41.450 1 1
0.277 0.373 41.574 41.633 1 1
0.375 0.343 41.584 41.668 1 1
0.412 0.375 41.587 41.558 1 1
0.377 0.276 41.599 41.594 1 1
0.378 0.431 41.602 41.482 1 1
0.379 0.403 41.614 41.241 1 1
0.380 0.423 41.618 41.656 1 1
0.381 0.339 41.627 41.930 1 1
0.382 0.362 41.630 41.566 1 1
0.382 0.346 41.631 42.426 0 1
0.383 0.521 41.636 41.506 1 1
0.462 0.386 41.659 41.520 1 1
0.387 0.253 41.665 41.445 1 1
0.388 0.394 41.669 41.400 1 1
0.388 0.275 41.670 41.671 1 1
0.388 0.332 41.671 41.882 1 1
0.389 0.609 41.677 41.482 1 1
0.390 0.478 41.684 41.659 1 1
0.393 0.365 41.702 41.595 1 1
0.394 0.511 41.712 41.759 1 1
0.396 0.504 41.722 41.572 1 1
0.399 0.321 41.741 41.770 1 1
0.402 0.429 41.761 42.173 1 1
0.402 0.276 41.764 41.691 1 1
0.402 0.440 41.765 41.817 1 1
0.403 0.451 41.770 41.567 1 1
0.404 0.301 41.773 41.478 1 1
0.404 0.216 41.774 44.377 0 1
0.404 0.324 41.778 41.503 1 1
0.406 0.369 41.788 41.688 1 1
0.406 0.344 41.790 41.702 1 1
0.408 0.352 41.798 41.784 1 1
0.408 0.481 41.798 41.535 1 1
0.408 0.316 41.800 41.725 1 1
0.408 0.484 41.800 42.176 1 1
0.410 0.347 41.813 42.431 1 1
0.412 0.260 41.824 41.555 1 1
0.413 0.426 41.829 41.535 1 1
0.414 0.493 41.839 42.212 1 1
0.415 0.476 41.844 42.099 1 1
0.417 0.389 41.854 41.785 1 1
0.417 0.342 41.854 41.807 1 1
0.419 0.530 41.866 41.904 1 1
0.421 0.222 41.878 42.049 1 1
0.422 0.323 41.884 41.923 1 1
0.422 0.417 41.886 41.542 1 1
0.423 0.283 41.895 41.571 1 1
0.426 0.270 41.910 42.200 1 1
0.427 0.541 41.917 41.538 1 1
0.428 0.521 41.920 41.987 1 1
0.429 0.272 41.932 41.791 1 1
0.430 0.573 41.937 41.644 1 1
0.431 0.458 41.939 42.013 1 1
0.432 0.396 41.945 41.958 1 1
0.407 0.433 41.950 41.741 1 1
0.434 0.350 41.956 42.116 1 1
0.435 0.661 41.965 41.921 1 1
0.435 0.479 41.966 42.078 1 1
0.328 0.436 41.972 42.076 1 1
0.437 0.379 41.975 41.979 1 1
0.438 0.410 41.980 42.122 1 1
0.438 0.567 41.983 42.195 1 1
0.623 0.441 41.999 42.272 1 1
0.442 0.460 42.006 41.860 1 1
0.444 0.384 42.016 45.755 0 1
0.468 0.444 42.016 42.211 1 1
0.445 0.416 42.023 41.786 1 1
0.446 0.354 42.031 42.095 1 1
0.453 0.611 42.069 43.938 0 1
0.453 0.534 42.070 42.116 1 1
0.454 0.490 42.074 41.731 1 1
0.455 0.648 42.080 42.065 1 1
0.455 0.347 42.080 41.827 1 1
0.455 0.544 42.081 42.129 1 1
0.456 0.527 42.088 42.186 1 1
0.458 0.381 42.097 42.077 1 1
0.540 0.459 42.102 40.985 0 1
0.459 0.473 42.106 41.963 1 1
0.461 0.655 42.112 42.512 1 1
0.464 0.560 42.130 42.104 1 1
0.464 0.674 42.133 42.045 1 1
0.465 0.327 42.135 42.158 1 1
0.465 0.300 42.135 41.865 1 1
0.465 0.214 42.139 42.204 1 1
0.466 0.399 42.142 42.260 1 1
0.466 0.488 42.142 42.451 1 1
0.466 0.423 42.144 43.980 0 1
0.467 0.355 42.148 42.303 1 1
0.467 0.236 42.150 42.104 1 1
0.467 0.337 42.150 42.200 1 1
0.450 0.468 42.155 42.106 1 1
0.469 0.343 42.160 42.175 1 1
0.470 0.577 42.163 42.356 0 1
0.470 0.455 42.165 42.441 1 1
0.470 0.420 42.167 42.452 1 1
0.473 0.450 42.182 42.257 1 1
0.474 0.554 42.186 42.228 1 1
0.474 0.317 42.189 41.890 1 1
0.475 0.473 42.190 42.202 1 1
0.477 0.409 42.204 42.389 1 1
0.479 0.443 42.211 42.083 1 1
0.479 0.494 42.212 42.160 1 1
0.481 0.438 42.223 42.187 1 1
0.484 0.404 42.239 42.342 1 1
0.484 0.402 42.241 42.367 1 1
0.485 0.408 42.245 42.158 1 1
0.485 0.459 42.248 42.079 1 1
0.486 0.450 42.250 41.992 1 1
0.487 0.482 42.255 42.198 1 1
0.487 0.480 42.258 42.084 1 1
0.488 0.426 42.263 41.867 1 1
0.489 0.716 42.268 45.813 0 1
0.489 0.663 42.268 42.236 1 1
0.489 0.384 42.269 42.121 1 1
0.490 0.356 42.271 42.375 1 1
0.492 0.587 42.285 42.037 1 1
0.493 0.403 42.288 42.496 1 1
0.493 0.415 42.289 42.488 1 1
0.494 0.526 42.293 42.367 1 1
0.495 0.623 42.299 42.367 1 1
0.497 0.486 42.309 42.040 1 1
0.497 0.555 42.311 42.184 1 1
0.499 0.513 42.317 42.162 1 1
0.499 0.438 42.322 42.279 1 1
0.501 0.510 42.328 42.420 1 1
0.501 0.516 42.329 42.617 1 1
0.501 0.405 42.330 42.244 1 1
0.502 0.497 42.335 42.479 1 1
0.504 0.444 42.347 42.144 1 1
0.509 0.521 42.370 41.952 1 1
0.509 0.525 42.371 42.530 1 1
0.510 0.460 42.375 42.382 1 1
0.510 0.573 42.376 41.872 1 1
0.512 0.513 42.385 42.477 1 1
0.657 0.512 42.388 43.371 0 1
0.513 0.630 42.390 41.986 1 1
0.514 0.522 42.395 44.663 0 1
0.516 0.451 42.406 42.522 1 1
0.517 0.631 42.410 42.729 1 1
0.518 0.421 42.417 42.650 1 1
0.563 0.519 42.421 42.453 1 1
0.520 0.778 42.425 42.680 1 1
0.520 0.549 42.426 41.731 1 1
0.520 0.516 42.429 42.596 1 1
0.521 0.332 42.431 42.474 1 1
0.521 0.585 42.432 42.486 1 1
0.523 0.533 42.442 42.395 1 1
0.523 0.489 42.442 42.276 1 1
0.523 0.492 42.443 42.820 1 1
0.523 0.446 42.444 42.744 1 1
0.525 0.498 42.452 42.216 1 1
0.525 0.553 42.452 42.743 1 1
0.525 0.493 42.453 42.020 1 1
0.526 0.543 42.457 41.977 1 1
0.530 0.513 42.474 42.511 1 1
0.531 0.545 42.483 42.248 1 1
0.531 0.442 42.484 42.214 1 1
0.545 0.532 42.485 42.295 1 1
0.533 0.555 42.491 42.515 1 1
0.533 0.390 42.493 42.365 1 1
0.535 0.557 42.499 42.649 1 1
0.536 0.529 42.504 42.573 1 1
0.537 0.471 42.511 42.660 1 1
0.538 0.597 42.515 42.539 1 1
0.538 0.759 42.516 42.379 1 1
0.538 0.595 42.517 42.845 1 1
0.541 0.559 42.528 43.583 0 1
0.542 0.640 42.536 42.580 1 1
0.545 0.611 42.549 42.742 1 1
0.546 0.488 42.552 42.341 1 1
0.546 0.612 42.553 42.644 1 1
0.547 0.425 42.557 42.558 1 1
0.547 0.588 42.559 42.575 1 1
0.549 0.601 42.568 42.543 1 1
0.550 0.366 42.576 42.717 1 1
0.551 0.472 42.578 42.705 1 1
0.551 0.601 42.579 42.637 1 1
0.552 0.404 42.581 42.490 1 1
0.552 0.689 42.585 42.658 1 1
0.555 0.479 42.598 42.625 1 1
0.557 0.586 42.604 42.647 1 1
0.557 0.445 42.604 42.627 1 1
0.646 0.557 42.606 42.863 1 1
0.576 0.561 42.627 42.571 1 1
0.562 0.657 42.630 42.746 1 1
0.563 0.495 42.634 42.450 0 1
0.563 0.460 42.634 42.382 1 1
0.563 0.643 42.636 42.687 1 1
0.564 0.617 42.641 42.515 1 1
0.566 0.504 42.648 42.552 1 1
0.566 0.497 42.649 42.589 1 1
0.567 0.672 42.652 42.822 1 1
0.568 0.449 42.660 42.844 1 1
0.569 0.645 42.661 42.772 1 1
0.570 0.568 42.665 42.625 1 1
0.572 0.566 42.678 42.497 1 1
0.573 0.494 42.679 42.877 1 1
0.574 0.483 42.684 42.603 1 1
0.574 0.608 42.686 46.900 0 1
0.574 0.669 42.686 42.649 1 1
0.575 0.473 42.690 42.588 1 1
0.575 0.638 42.692 42.697 1 1
0.578 0.564 42.705 42.615 1 1
0.579 0.635 42.709 42.774 1 1
0.579 0.599 42.710 42.436 1 1
0.580 0.524 42.711 42.506 1 1
0.581 0.612 42.717 42.736 1 1
0.583 0.480 42.727 42.607 1 1
0.583 0.643 42.728 42.383 1 1
0.584 0.491 42.732 43.008 1 1
0.585 0.660 42.733 42.858 1 1
0.586 0.401 42.738 42.570 1 1
0.587 0.458 42.745 42.398 1 1
0.588 0.688 42.748 42.490 1 1
0.589 0.731 42.753 42.677 1 1
0.787 0.592 42.766 42.674 1 1
0.597 0.592 42.768 42.883 1 1
0.592 0.692 42.768 42.448 1 1
0.593 0.638 42.772 42.712 1 1
0.576 0.595 42.780 42.889 1 1
0.597 0.531 42.787 42.776 1 1
0.597 0.576 42.788 42.919 1 1
0.599 0.555 42.797 42.925 1 1
0.599 0.679 42.797 42.581 1 1
0.600 0.624 42.800 42.852 1 1
0.601 0.703 42.804 42.835 1 1
0.601 0.558 42.807 42.681 1 1
0.606 0.516 42.829 42.815 1 1
0.608 0.526 42.836 43.237 1 1
0.609 0.554 42.839 42.826 1 1
0.609 0.573 42.840 42.957 1 1
0.611 0.556 42.851 42.784 1 1
0.612 0.571 42.853 42.751 1 1
0.615 0.707 42.867 42.930 1 1
0.616 0.481 42.872 43.101 1 1
0.616 0.669 42.872 42.951 1 1
0.617 0.714 42.877 42.852 1 1
0.521 0.618 42.878 43.274 1 1
0.548 0.618 42.881 42.927 1 1
0.620 0.576 42.889 42.842 1 1
0.621 0.690 42.891 42.975 1 1
0.622 0.769 42.895 42.985 1 1
0.623 0.517 42.900 42.981 1 1
0.624 0.513 42.905 42.686 1 1
0.625 0.462 42.909 42.889 1 1
0.625 0.497 42.910 42.856 1 1
0.626 0.471 42.911 43.276 1 1
0.627 0.693 42.919 42.813 1 1
0.628 0.618 42.919 42.999 1 1
0.629 0.775 42.928 42.802 1 1
0.525 0.632 42.938 42.887 1 1
0.633 0.517 42.944 42.751 1 1
0.634 0.752 42.945 43.173 1 1
0.634 0.538 42.946 42.867 1 1
0.636 0.676 42.954 43.143 1 1
0.730 0.636 42.955 43.022 1 1
0.636 0.631 42.956 42.615 1 1
0.713 0.637 42.959 42.931 1 1
0.637 0.630 42.960 43.030 1 1
0.638 0.664 42.961 43.261 1 1
0.638 0.631 42.965 42.919 1 1
0.640 0.624 42.970 42.479 1 1
0.640 0.704 42.973 42.842 1 1
0.643 0.407 42.985 43.214 1 1
0.645 0.827 42.990 43.089 1 1
0.649 0.725 43.006 43.028 1 1
0.654 0.480 43.030 43.289 1 1
0.655 0.628 43.034 42.929 1 1
0.656 0.617 43.035 43.287 1 1
0.658 0.679 43.046 43.120 0 1
0.658 0.650 43.047 43.186 1 1
0.660 0.730 43.055 43.130 1 1
0.661 0.566 43.058 42.909 1 1
0.725 0.663 43.066 43.051 1 1
0.663 0.631 43.066 43.130 1 1
0.665 0.588 43.072 43.070 1 1
0.665 0.646 43.072 43.255 1 1
0.666 0.796 43.075 43.062 1 1
0.668 0.434 43.084 43.307 1 1
0.703 0.668 43.084 43.075 1 1
0.668 0.681 43.086 43.432 1 1
0.669 0.612 43.088 42.854 1 1
0.671 0.585 43.098 43.046 1 1
0.927 0.672 43.099 43.368 1 1
0.672 0.831 43.100 43.047 1 1
0.672 0.620 43.100 43.215 0 1
0.672 0.856 43.100 43.392 1 1
0.673 0.707 43.103 43.038 1 1
0.602 0.673 43.104 43.021 1 1
0.722 0.676 43.117 43.051 1 1
0.676 0.641 43.118 42.995 1 1
0.677 0.662 43.121 43.142 1 1
0.678 0.504 43.122 42.640 1 1
0.678 0.653 43.123 43.157 1 1
0.678 0.732 43.125 43.210 1 1
0.679 0.550 43.129 43.270 1 1
0.680 0.622 43.133 43.322 1 1
0.681 0.681 43.135 43.287 1 1
0.683 0.661 43.145 47.230 0 1
0.684 0.537 43.145 43.310 1 1
0.684 0.838 43.146 43.241 1 1
0.686 0.613 43.156 43.373 1 1
0.687 0.640 43.159 43.214 1 1
0.688 0.735 43.161 43.238 1 1
0.688 0.732 43.161 43.118 1 1
0.689 0.733 43.167 43.273 1 1
0.689 0.715 43.168 43.097 1 1
0.689 0.785 43.168 43.104 1 1
0.690 0.566 43.171 43.215 1 1
0.691 0.729 43.172 43.088 1 1
0.691 0.781 43.176 42.931 1 1
0.693 0.785 43.182 43.586 1 1
0.694 0.614 43.186 43.083 1 1
0.695 0.515 43.189 43.128 1 1
0.695 0.599 43.189 43.353 1 1
0.696 0.971 43.192 43.108 1 1
0.697 0.699 43.198 43.186 1 1
0.698 0.836 43.199 43.031 1 1
0.698 0.594 43.200 42.796 1 1
0.698 0.835 43.200 43.389 1 1
0.705 0.542 43.226 42.829 1 1
0.705 0.630 43.228 43.713 1 1
0.840 0.706 43.231 43.502 1 1
0.707 0.875 43.233 43.071 1 1
0.707 0.707 43.236 43.499 1 1
0.708 0.790 43.237 43.056 1 1
0.708 0.651 43.238 43.392 1 1
0.708 0.720 43.239 43.471 1 1
0.709 0.644 43.241 43.138 1 1
0.623 0.710 43.244 42.968 1 1
0.710 0.704 43.247 43.333 1 1
0.711 0.639 43.248 43.228 1 1
0.712 0.899 43.254 47.362 0 1
0.713 0.611 43.257 42.996 1 1
0.713 0.736 43.258 43.288 1 1
0.713 0.630 43.258 43.272 1 1
0.754 0.714 43.261 43.262 1 1
0.715 0.754 43.263 43.049 1 1
0.717 0.715 43.264 42.759 1 1
0.715 0.649 43.265 44.694 0 1
0.717 0.583 43.273 43.227 1 1
0.718 0.847 43.275 43.100 1 1
0.718 0.691 43.275 43.430 1 1
0.719 0.644 43.278 43.419 1 1
0.720 0.604 43.283 43.280 1 1
0.720 0.731 43.283 42.971 1 1
0.720 0.776 43.283 43.259 1 1
0.720 0.581 43.284 43.226 1 1
0.721 0.620 43.286 43.478 1 1
0.723 0.704 43.293 43.719 1 1
0.725 0.701 43.300 43.429 1 1
0.725 0.689 43.302 43.123 1 1
0.727 0.675 43.308 43.297 1 1
0.727 0.633 43.308 43.352 1 1
0.729 0.723 43.315 43.120 1 1
0.729 0.631 43.315 43.430 1 1
0.730 0.612 43.318 43.436 1 1
0.730 0.745 43.320 43.593 1 1
0.731 0.746 43.323 42.989 1 1
0.732 1.009 43.328 43.222 1 1
0.733 0.665 43.329 43.066 1 1
0.733 0.660 43.332 43.343 1 1
0.735 0.826 43.337 43.193 1 1
0.735 0.773 43.339 43.362 1 1
0.736 0.536 43.342 43.076 1 1
0.737 0.875 43.344 43.128 1 1
0.737 0.778 43.345 43.021 1 1
0.740 0.702 43.356 43.387 1 1
0.745 0.846 43.374 43.140 1 1
0.746 0.805 43.376 43.227 1 1
0.746 0.725 43.376 43.267 1 1
0.746 0.736 43.378 43.487 1 1
0.747 0.756 43.382 43.541 1 1
0.749 0.791 43.387 44.414 0 1
0.749 0.637 43.388 43.314 1 1
0.750 0.695 43.392 43.279 1 1
0.754 0.580 43.404 43.236 1 1
0.762 0.768 43.432 43.565 1 1
0.762 0.656 43.433 43.277 1 1
0.762 0.842 43.435 43.234 1 1
0.763 0.729 43.435 43.341 1 1
0.763 0.737 43.437 42.640 0 1
0.763 0.613 43.439 43.052 1 1
0.764 1.084 43.440 43.388 1 1
0.765 0.714 43.445 43.436 1 1
0.766 0.734 43.448 43.455 1 1
0.767 0.730 43.450 43.575 1 1
0.767 0.778 43.451 43.502 1 1
0.768 0.666 43.454 43.372 1 1
0.768 0.877 43.455 43.458 1 1
0.771 0.683 43.464 43.779 1 1
0.773 0.849 43.471 43.196 1 1
0.774 0.799 43.475 43.391 1 1
0.775 0.740 43.477 43.310 1 1
0.775 0.567 43.479 43.702 1 1
0.776 0.791 43.482 43.411 1 1
0.776 0.618 43.483 43.313 1 1
0.777 0.675 43.484 43.516 1 1
0.777 0.812 43.485 43.291 1 1
0.777 0.818 43.486 43.408 1 1
0.777 0.626 43.487 43.483 1 1
0.778 0.842 43.490 43.543 1 1
0.779 0.806 43.492 43.564 1 1
0.780 0.846 43.496 43.375 1 1
0.781 0.746 43.499 43.524 1 1
0.783 0.777 43.504 43.392 1 1
0.783 0.719 43.506 43.508 1 1
0.876 0.783 43.506 43.455 1 1
0.784 0.779 43.509 43.613 1 1
0.621 0.785 43.512 43.515 1 1
0.786 0.794 43.517 43.437 1 1
0.787 0.716 43.518 43.459 1 1
0.788 0.854 43.521 43.380 1 1
0.789 0.645 43.526 43.558 1 1
0.789 0.910 43.527 43.634 1 1
0.790 0.777 43.530 43.487 1 1
0.791 1.059 43.532 43.228 1 1
0.792 0.584 43.536 43.545 1 1
0.771 0.792 43.536 43.402 1 1
0.721 0.793 43.538 43.626 1 1
0.794 0.788 43.542 43.402 1 1
0.795 0.906 43.545 43.600 1 1
0.797 0.895 43.552 43.416 1 1
0.798 0.938 43.555 43.372 1 1
0.798 0.881 43.557 43.615 1 1
0.799 0.643 43.560 43.811 1 1
0.800 0.618 43.562 43.313 1 1
0.800 0.805 43.562 43.378 1 1
0.802 0.784 43.569 43.729 1 1
0.802 0.651 43.571 43.820 1 1
0.803 0.891 43.573 43.525 1 1
0.804 0.936 43.577 43.343 1 1
0.804 0.932 43.578 43.549 1 1
0.805 0.635 43.578 43.473 1 1
0.805 0.966 43.579 43.475 1 1
0.806 0.892 43.583 43.804 1 1
0.806 0.865 43.583 43.788 1 1
0.807 0.940 43.585 43.701 1 1
0.810 0.805 43.595 43.817 1 1
0.811 0.914 43.600 43.776 1 1
0.812 0.750 43.603 44.069 1 1
0.812 0.881 43.604 44.343 0 1
0.814 0.628 43.609 43.603 1 1
0.815 0.858 43.611 46.108 0 1
0.815 0.899 43.612 43.164 1 1
0.816 0.699 43.615 43.797 1 1
0.817 0.936 43.618 44.082 1 1
0.819 0.821 43.626 43.844 1 1
0.819 0.737 43.627 43.712 1 1
0.821 0.751 43.630 43.561 1 1
0.822 0.957 43.636 43.772 1 1
0.822 0.753 43.636 43.487 1 1
0.838 0.827 43.652 43.702 1 1
0.827 0.894 43.652 43.490 1 1
0.828 0.882 43.654 43.539 1 1
0.832 0.749 43.667 43.411 1 1
0.833 0.825 43.670 45.802 0 1
0.833 1.026 43.672 43.359 1 1
0.835 0.951 43.678 43.903 1 1
0.836 0.686 43.680 43.730 1 1
0.836 0.903 43.680 43.594 1 1
0.836 0.776 43.680 44.036 1 1
0.837 0.821 43.682 43.771 1 1
0.837 0.779 43.683 43.524 1 1
0.837 0.863 43.684 43.772 1 1
0.838 0.834 43.686 43.760 1 1
0.839 0.920 43.690 43.714 1 1
0.841 0.770 43.695 43.678 1 1
0.843 0.697 43.702 43.969 1 1
0.844 0.704 43.704 43.594 1 1
0.844 0.815 43.706 43.838 1 1
0.845 0.819 43.707 43.663 1 1
0.846 0.989 43.711 43.805 1 1
0.847 0.534 43.714 43.843 1 1
0.847 0.772 43.714 43.841 1 1
0.847 0.701 43.715 43.680 1 1
0.849 0.913 43.720 43.911 1 1
0.849 0.860 43.721 43.733 1 1
0.849 0.826 43.722 43.754 1 1
0.851 0.901 43.726 43.850 1 1
0.851 0.885 43.728 44.016 1 1
0.856 0.763 43.744 43.639 1 1
0.829 0.857 43.747 43.615 1 1
0.857 0.968 43.748 43.606 1 1
0.858 1.115 43.748 43.650 1 1
0.858 0.715 43.750 43.689 1 1
0.858 0.899 43.751 43.551 1 1
0.859 0.830 43.751 43.740 1 1
0.859 0.925 43.754 44.308 1 1
0.808 0.860 43.756 43.864 1 1
0.865 1.031 43.771 43.644 1 1
0.866 0.991 43.774 44.280 1 1
0.866 0.743 43.775 43.761 1 1
0.868 0.891 43.779 43.641 1 1
0.868 0.800 43.779 43.873 1 1
0.994 0.870 43.786 43.423 1 1
0.962 0.871 43.789 43.930 1 1
0.871 0.841 43.790 43.680 1 1
0.872 0.869 43.794 47.945 0 1
0.874 0.902 43.798 43.829 1 1
0.875 0.728 43.801 43.778 1 1
0.875 0.946 43.801 43.783 1 1
0.877 0.842 43.807 44.458 0 1
0.877 0.902 43.809 43.831 1 1
0.928 0.879 43.813 43.802 1 1
0.810 0.879 43.815 43.603 1 1
0.880 0.950 43.816 43.782 1 1
0.929 0.880 43.817 43.454 1 1
0.884 0.992 43.830 44.065 1 1
0.884 1.005 43.830 43.436 1 1
0.886 0.832 43.835 43.872 1 1
0.887 0.968 43.837 44.019 1 1
0.887 0.730 43.838 43.823 1 1
0.887 0.813 43.840 43.946 1 1
0.889 0.820 43.844 44.081 1 1
0.891 0.978 43.849 44.245 1 1
0.958 0.893 43.856 43.668 1 1
0.894 1.039 43.859 43.868 1 1
0.895 1.000 43.862 44.167 1 1
0.896 0.944 43.864 43.817 1 1
0.777 0.896 43.864 43.905 1 1
0.898 1.070 43.871 43.851 1 1
0.899 0.770 43.873 43.918 1 1
0.899 0.898 43.873 44.118 1 1
0.899 0.819 43.875 43.817 1 1
0.899 0.856 43.875 43.767 1 1
0.902 0.827 43.882 43.971 1 1
0.902 0.973 43.882 43.549 1 1
0.902 0.864 43.883 43.926 1 1
0.903 1.041 43.885 43.702 1 1
0.903 0.998 43.885 43.899 1 1
0.904 1.092 43.889 43.621 1 1
1.004 0.904 43.889 43.663 1 1
0.905 1.150 43.891 44.071 1 1
0.905 0.747 43.891 43.824 1 1
0.906 0.795 43.894 43.705 1 1
0.906 0.983 43.894 44.091 1 1
0.908 0.903 43.902 44.062 1 1
0.910 0.995 43.906 43.860 1 1
0.911 0.712 43.910 44.223 1 1
0.913 0.819 43.914 43.823 1 1
0.913 1.044 43.917 43.981 1 1
1.070 0.915 43.920 44.140 1 1
0.916 0.745 43.924 44.142 1 1
0.916 0.961 43.925 43.868 1 1
0.917 0.978 43.927 43.846 1 1
0.917 0.955 43.927 45.892 0 1
0.919 0.939 43.932 43.949 1 1
0.921 0.828 43.939 43.914 1 1
0.922 1.016 43.941 43.788 1 1
0.923 0.874 43.944 43.544 1 1
1.046 0.924 43.947 43.891 1 1
0.925 0.925 43.949 43.831 1 1
0.925 0.957 43.950 44.044 1 1
0.926 0.758 43.952 43.846 1 1
0.926 0.927 43.953 44.307 1 1
0.926 0.907 43.954 44.033 1 1
0.929 0.902 43.961 43.944 1 1
1.067 0.929 43.962 43.972 1 1
0.929 0.778 43.962 43.986 1 1
0.931 1.057 43.966 47.487 0 1
0.931 1.011 43.968 43.902 1 1
0.932 0.907 43.970 43.632 1 1
0.932 0.919 43.971 43.946 1 1
0.933 0.900 43.974 43.735 1 1
0.934 0.709 43.976 43.848 1 1
0.934 0.906 43.977 44.027 1 1
0.935 0.950 43.978 43.895 1 1
0.935 1.104 43.979 43.774 1 1
0.936 0.883 43.981 44.174 1 1
0.936 0.892 43.982 43.930 1 1
0.937 0.835 43.984 44.006 1 1
0.937 0.936 43.986 43.854 1 1
0.938 1.085 43.987 43.998 1 1
0.938 0.860 43.988 44.147 1 1
0.884 0.940 43.992 43.851 1 1
0.940 0.959 43.992 45.823 0 1
1.057 0.940 43.992 43.564 1 1
0.941 0.985 43.996 44.060 1 1
0.942 1.057 44.000 44.238 0 1
0.944 0.958 44.005 44.119 1 1
0.945 1.043 44.006 44.003 1 1
0.946 0.977 44.011 43.955 1 1
0.946 1.115 44.011 43.969 1 1
0.884 0.947 44.013 44.396 1 1
0.947 0.837 44.014 43.955 1 1
0.948 0.820 44.015 43.756 1 1
0.950 0.941 44.021 44.339 1 1
0.950 0.923 44.022 44.171 1 1
0.950 0.808 44.023 43.933 1 1
0.951 0.814 44.025 44.292 1 1
0.952 0.750 44.027 44.154 1 1
0.952 0.798 44.028 44.144 1 1
0.953 0.991 44.030 44.206 1 1
0.954 0.883 44.031 44.335 1 1
0.954 0.987 44.033 44.098 1 1
0.954 1.142 44.034 43.981 1 1
0.955 0.903 44.035 43.505 1 1
0.946 0.955 44.037 44.087 1 1
0.958 0.884 44.043 44.067 1 1
0.958 1.245 44.044 44.176 1 1
0.958 0.984 44.045 43.592 1 1
0.963 0.959 44.045 44.460 1 1
0.869 0.959 44.047 44.274 1 1
0.960 0.859 44.050 44.255 1 1
0.961 0.903 44.051 44.264 1 1
0.961 1.040 44.053 43.720 1 1
0.964 1.103 44.059 43.824 1 1
0.964 0.833 44.060 43.965 1 1
0.964 0.957 44.061 44.257 1 1
0.964 1.104 44.061 43.975 1 1
0.965 0.988 44.064 44.581 1 1
0.999 0.965 44.065 43.870 1 1
0.966 0.954 44.067 44.181 1 1
0.967 1.041 44.069 43.913 1 1
0.967 1.022 44.069 44.332 1 1
0.971 0.764 44.079 43.977 1 1
0.972 1.187 44.083 44.225 1 1
0.973 1.265 44.084 44.310 0 1
1.200 0.974 44.088 44.033 1 1
0.974 0.825 44.089 43.595 1 1
0.977 1.231 44.096 43.436 1 1
0.978 0.943 44.099 44.163 1 1
0.978 0.921 44.100 44.399 1 1
0.979 1.076 44.102 44.150 1 1
0.980 0.853 44.104 43.914 0 1
0.983 0.945 44.112 44.143 1 1
0.983 0.957 44.113 44.225 1 1
0.983 0.976 44.114 44.233 1 1
0.984 1.003 44.115 44.156 1 1
0.984 0.951 44.116 44.065 1 1
0.984 0.966 44.116 43.980 1 1
0.985 1.067 44.118 43.869 1 1
0.986 0.943 44.121 44.235 1 1
0.986 1.175 44.121 43.921 1 1
0.986 0.958 44.121 44.095 1 1
0.987 0.846 44.123 44.237 1 1
0.989 1.038 44.128 43.754 1 1
0.989 1.121 44.129 44.089 1 1
0.991 1.096 44.134 43.879 1 1
0.993 1.014 44.139 44.204 1 1
0.995 0.998 44.145 44.154 1 1
0.995 1.060 44.146 44.140 1 1
0.996 0.958 44.148 43.799 1 1
0.998 1.020 44.154 43.937 1 1
0.997 0.999 44.157 44.467 1 1
1.000 1.004 44.158 44.077 1 1
