# Error in z 0.04
# Error in mu 0.20 for Ia and 1.50 for nonaIa
# Type=1 for Ia, 0 otherwise
# cor_z=1 if z_obs correct host, 0 otherwise
# z_correct mu_t z_obs z_shifted mu_o type cor_z
0.015 34.173 0.015 0.015 34.173 34.435 1 1
0.016 34.252 0.016 0.016 34.252 34.589 1 1
0.016 34.253 0.016 0.016 34.253 34.296 1 1
0.018 34.545 0.018 0.018 34.545 34.673 1 1
0.019 34.678 0.019 0.019 34.678 34.630 1 1
0.020 34.713 0.020 0.020 34.713 34.641 1 1
0.020 34.717 0.020 0.020 34.717 34.722 1 1
0.020 34.742 0.020 0.020 34.742 35.105 1 1
0.021 34.867 0.021 0.021 34.867 35.010 1 1
0.021 34.873 0.021 0.021 34.873 34.676 1 1
0.023 35.063 0.023 0.023 35.063 34.949 1 1
0.025 35.236 0.025 0.025 35.236 35.400 1 1
0.028 35.488 0.028 0.028 35.488 35.539 1 1
0.030 35.644 0.030 0.030 35.644 35.444 1 1
0.032 35.812 0.032 0.032 35.812 36.079 1 1
0.033 35.871 0.033 0.033 35.871 36.283 1 1
0.033 35.888 0.033 0.033 35.888 35.680 1 1
0.034 35.938 0.034 0.034 35.938 35.768 1 1
0.038 36.206 0.038 0.038 36.206 36.349 1 1
0.040 36.287 0.040 0.040 36.287 36.001 1 1
0.041 36.357 0.041 0.041 36.357 36.344 1 1
0.042 36.395 0.042 0.042 36.395 36.500 1 1
0.042 36.404 0.042 0.042 36.404 36.578 1 1
0.044 36.542 0.044 0.044 36.542 36.642 1 1
0.046 36.611 0.046 0.046 36.611 36.656 1 1
0.046 36.625 0.046 0.046 36.625 36.742 1 1
0.048 36.717 0.048 0.048 36.717 36.613 1 1
0.049 36.751 0.049 0.049 36.751 36.844 1 1
0.050 36.813 0.050 0.050 36.813 36.865 1 1
0.051 36.867 0.051 0.051 36.867 36.532 1 1
0.053 36.933 0.053 0.053 36.933 36.866 1 1
0.054 36.997 0.054 0.054 36.997 37.064 1 1
0.055 37.001 0.055 0.055 37.001 37.202 1 1
0.055 37.010 0.055 0.055 37.010 37.068 1 1
0.056 37.060 0.056 0.056 37.060 37.424 1 1
0.056 37.069 0.056 0.056 37.069 37.107 1 1
0.057 37.105 0.057 0.057 37.105 36.879 1 1
0.058 37.128 0.058 0.058 37.128 36.941 1 1
0.058 37.158 0.058 0.058 37.158 36.999 1 1
0.059 37.195 0.059 0.059 37.195 36.968 1 1
0.060 37.199 0.060 0.060 37.199 37.060 1 1
0.060 37.201 0.060 0.060 37.201 36.910 1 1
0.061 37.244 0.061 0.061 37.244 36.978 1 1
0.066 37.448 0.066 0.066 37.448 37.561 1 1
0.067 37.463 0.067 0.067 37.463 37.070 1 1
0.067 37.474 0.067 0.067 37.474 37.560 1 1
0.067 37.479 0.067 0.067 37.479 37.692 1 1
0.067 37.480 0.067 0.067 37.480 37.349 1 1
0.068 37.503 0.068 0.068 37.503 37.553 1 1
0.069 37.528 0.069 0.069 37.528 37.786 1 1
0.070 37.568 0.070 0.070 37.568 37.831 1 1
0.070 37.581 0.070 0.070 37.581 37.303 1 1
0.071 37.601 0.071 0.071 37.601 37.719 1 1
0.071 37.613 0.071 0.071 37.613 37.616 1 1
0.072 37.615 0.072 0.072 37.615 37.301 1 1
0.072 37.639 0.072 0.072 37.639 37.834 1 1
0.074 37.691 0.074 0.074 37.691 37.653 1 1
0.074 37.692 0.074 0.074 37.692 37.802 1 1
0.075 37.711 0.075 0.075 37.711 37.803 1 1
0.077 37.769 0.077 0.077 37.769 37.523 1 1
0.077 37.793 0.077 0.077 37.793 37.683 1 1
0.077 37.797 0.077 0.077 37.797 37.657 1 1
0.078 37.825 0.078 0.078 37.825 37.749 1 1
0.079 37.831 0.079 0.079 37.831 38.003 1 1
0.079 37.850 0.079 0.079 37.850 37.851 1 1
0.083 37.953 0.083 0.083 37.953 37.813 1 1
0.083 37.956 0.083 0.083 37.956 38.151 1 1
0.084 37.991 0.084 0.084 37.991 37.977 1 1
0.084 37.996 0.084 0.084 37.996 37.800 1 1
0.088 38.091 0.088 0.088 38.091 38.404 1 1
0.088 38.103 0.088 0.088 38.103 37.541 1 1
0.089 38.106 0.089 0.089 38.106 38.421 1 1
0.089 38.118 0.089 0.089 38.118 38.138 1 1
0.090 38.136 0.090 0.090 38.136 38.330 1 1
0.090 38.147 0.090 0.090 38.147 38.410 1 1
0.091 38.174 0.091 0.091 38.174 37.860 1 1
0.092 38.198 0.092 0.092 38.198 38.530 1 1
0.092 38.201 0.092 0.092 38.201 38.256 1 1
0.094 38.234 0.094 0.094 38.234 38.260 1 1
0.094 38.234 0.094 0.094 38.234 38.268 1 1
0.095 38.266 0.095 0.095 38.266 38.098 1 1
0.096 38.285 0.096 0.096 38.285 38.156 1 1
0.096 38.296 0.096 0.096 38.296 38.385 1 1
0.097 38.312 0.097 0.097 38.312 38.358 1 1
0.097 38.314 0.097 0.097 38.314 38.146 1 1
0.098 38.350 0.098 0.098 38.350 38.163 1 1
0.100 38.396 0.100 0.115 38.396 38.443 1 1
0.101 38.419 0.101 0.136 38.419 38.023 1 1
0.102 38.434 0.102 0.145 38.434 38.125 1 1
0.103 38.445 0.103 0.047 38.445 38.147 1 1
0.103 38.457 0.103 0.124 38.457 38.459 1 1
0.103 38.460 0.103 0.130 38.460 38.467 1 1
0.107 38.533 0.107 0.269 38.533 38.208 1 1
0.107 38.545 0.107 0.088 38.545 38.242 1 1
0.108 38.559 0.108 0.156 38.559 38.398 1 1
0.108 38.559 0.108 0.174 38.559 38.676 1 1
0.108 38.569 0.108 0.089 38.569 38.599 1 1
0.109 38.581 0.109 0.179 38.581 38.792 1 1
0.111 38.620 0.111 0.023 38.620 38.804 1 1
0.114 38.683 0.114 0.096 38.683 38.898 1 1
0.115 38.714 0.115 0.107 38.714 38.739 1 1
0.119 38.790 0.119 0.225 38.790 38.811 1 1
0.120 38.810 0.120 0.080 38.810 38.878 1 1
0.120 38.813 0.120 0.119 38.813 38.786 1 1
0.121 38.825 0.121 0.116 38.825 38.640 1 1
0.122 38.848 0.122 0.015 38.848 39.042 1 1
0.124 38.878 0.124 0.053 38.878 38.617 1 1
0.127 38.935 0.127 0.126 38.935 42.118 0 1
0.128 38.957 0.128 0.195 38.957 38.998 1 1
0.128 38.958 0.128 0.088 38.958 39.256 1 1
0.129 38.973 0.129 0.101 38.973 39.346 1 1
0.129 38.979 0.129 0.162 38.979 38.909 1 1
0.130 38.989 0.130 0.135 38.989 38.867 1 1
0.130 38.998 0.130 0.094 38.998 38.935 1 1
0.130 39.001 0.130 0.153 39.001 38.882 1 1
0.131 39.016 0.131 0.085 39.016 39.159 1 1
0.131 39.017 0.131 0.109 39.017 38.905 1 1
0.132 39.025 0.132 0.234 39.025 40.079 0 1
0.132 39.040 0.253 0.132 39.040 39.219 1 0
0.133 39.047 0.133 0.133 39.047 39.033 1 1
0.135 39.089 0.135 0.126 39.089 38.958 1 1
0.137 39.123 0.137 0.098 39.123 41.701 0 1
0.138 39.131 0.138 0.004 39.131 39.206 1 1
0.138 39.138 0.138 0.447 39.138 39.165 1 1
0.141 39.191 0.141 0.137 39.191 39.188 1 1
0.141 39.193 0.141 0.118 39.193 39.294 1 1
0.142 39.204 0.142 0.205 39.204 38.789 1 1
0.143 39.229 0.143 0.142 39.229 39.540 1 1
0.144 39.243 0.144 0.035 39.243 38.865 1 1
0.145 39.251 0.145 0.050 39.251 39.393 1 1
0.147 39.291 0.147 0.130 39.291 38.912 1 1
0.148 39.301 0.148 0.169 39.301 39.222 1 1
0.149 39.322 0.149 0.065 39.322 39.123 1 1
0.150 39.331 0.150 0.068 39.331 39.483 1 1
0.150 39.332 0.150 0.229 39.332 39.167 1 1
0.153 39.381 0.153 0.198 39.381 39.497 1 1
0.153 39.382 0.153 0.263 39.382 39.769 1 1
0.153 39.387 0.153 0.217 39.387 39.376 1 1
0.154 39.391 0.154 0.174 39.391 39.293 1 1
0.154 39.394 0.154 0.255 39.394 39.704 1 1
0.154 39.394 0.154 0.155 39.394 39.402 1 1
0.155 39.408 0.155 0.010 39.408 39.276 1 1
0.156 39.424 0.156 0.210 39.424 38.974 1 1
0.156 39.432 0.156 0.004 39.432 39.098 1 1
0.157 39.440 0.157 0.124 39.440 39.548 1 1
0.159 39.471 0.159 0.094 39.471 39.378 1 1
0.159 39.481 0.159 0.184 39.481 39.401 1 1
0.160 39.495 0.160 0.125 39.495 39.376 1 1
0.161 39.505 0.161 0.062 39.505 39.709 1 1
0.162 39.515 0.162 0.094 39.515 39.441 1 1
0.163 39.531 0.163 0.297 39.531 39.238 1 1
0.163 39.532 0.163 0.087 39.532 39.466 1 1
0.163 39.539 0.163 0.086 39.539 39.535 1 1
0.164 39.553 0.310 0.164 39.553 39.678 1 0
0.165 39.555 0.165 0.289 39.555 39.564 1 1
0.165 39.556 0.165 0.154 39.556 39.544 1 1
0.165 39.564 0.165 0.226 39.564 39.947 1 1
0.167 39.595 0.167 0.117 39.595 39.455 1 1
0.170 39.634 0.170 0.124 39.634 39.598 1 1
0.170 39.634 0.170 0.183 39.634 39.561 1 1
0.171 39.648 0.171 0.209 39.648 39.665 1 1
0.171 39.649 0.171 0.112 39.649 39.765 1 1
0.173 39.681 0.173 0.303 39.681 39.751 1 1
0.173 39.681 0.173 0.181 39.681 39.688 1 1
0.174 39.683 0.174 0.061 39.683 39.978 1 1
0.174 39.694 0.174 0.132 39.694 39.648 1 1
0.175 39.707 0.175 0.294 39.707 39.593 1 1
0.175 39.709 0.137 0.175 39.709 39.632 1 0
0.178 39.738 0.178 0.256 39.738 39.682 1 1
0.178 39.740 0.178 0.231 39.740 39.791 1 1
0.180 39.774 0.180 0.262 39.774 39.579 1 1
0.180 39.776 0.126 0.180 39.776 40.913 0 0
0.181 39.790 0.181 0.064 39.790 40.076 1 1
0.182 39.803 0.182 0.209 39.803 39.601 1 1
0.183 39.808 0.183 0.227 39.808 40.118 1 1
0.183 39.810 0.183 0.359 39.810 39.723 1 1
0.183 39.814 0.183 0.122 39.814 40.210 0 1
0.185 39.842 0.185 0.232 39.842 42.387 0 1
0.186 39.850 0.186 0.239 39.850 40.085 1 1
0.187 39.866 0.187 0.213 39.866 39.861 1 1
0.188 39.880 0.130 0.188 39.880 39.682 1 0
0.190 39.898 0.190 0.259 39.898 39.719 1 1
0.191 39.912 0.191 0.282 39.912 39.652 1 1
0.191 39.914 0.191 0.047 39.914 40.191 1 1
0.191 39.917 0.191 0.239 39.917 39.815 1 1
0.191 39.919 0.191 0.227 39.919 39.791 1 1
0.196 39.976 0.196 0.096 39.976 44.611 0 1
0.196 39.982 0.196 0.327 39.982 40.028 1 1
0.198 40.001 0.324 0.198 40.001 40.172 1 0
0.199 40.007 0.199 0.296 40.007 39.910 1 1
0.199 40.009 0.199 0.330 40.009 40.111 1 1
0.199 40.011 0.199 0.096 40.011 40.192 1 1
0.201 40.033 0.206 0.201 40.033 39.972 1 0
0.201 40.036 0.085 0.201 40.036 39.936 1 0
0.203 40.062 0.203 0.052 40.062 40.028 1 1
0.210 40.139 0.210 0.094 40.139 40.050 1 1
0.210 40.142 0.210 0.140 40.142 40.336 1 1
0.210 40.144 0.210 0.273 40.144 41.950 0 1
0.212 40.161 0.212 0.196 40.161 40.187 1 1
0.214 40.192 0.214 0.113 40.192 40.126 1 1
0.214 40.194 0.214 0.252 40.194 40.297 1 1
0.215 40.199 0.215 0.194 40.199 39.995 1 1
0.216 40.210 0.216 0.446 40.210 40.624 1 1
0.216 40.211 0.216 0.050 40.211 40.557 1 1
0.216 40.214 0.216 0.197 40.214 40.287 1 1
0.217 40.224 0.217 0.474 40.224 39.905 1 1
0.217 40.224 0.217 0.309 40.224 40.254 1 1
0.218 40.229 0.218 0.397 40.229 40.369 1 1
0.218 40.234 0.218 0.185 40.234 40.334 1 1
0.221 40.265 0.221 0.298 40.265 45.729 0 1
0.222 40.279 0.222 0.467 40.279 40.408 1 1
0.222 40.280 0.222 0.126 40.280 40.572 1 1
0.224 40.296 0.224 0.092 40.296 40.106 1 1
0.225 40.308 0.225 0.239 40.308 40.257 1 1
0.226 40.326 0.226 0.262 40.326 40.389 1 1
0.228 40.341 0.228 0.255 40.341 40.271 1 1
0.228 40.343 0.228 0.183 40.343 40.140 1 1
0.228 40.348 0.282 0.228 40.348 40.447 1 0
0.229 40.354 0.229 0.282 40.354 40.518 1 1
0.230 40.364 0.230 0.186 40.364 40.380 1 1
0.230 40.367 0.230 0.292 40.367 40.043 1 1
0.234 40.408 0.234 0.285 40.408 40.189 1 1
0.235 40.417 0.235 0.161 40.417 40.453 1 1
0.236 40.431 0.363 0.236 40.431 40.386 1 0
0.237 40.434 0.237 0.260 40.434 40.324 1 1
0.240 40.468 0.240 0.336 40.468 42.041 0 1
0.242 40.494 0.305 0.242 40.494 40.784 1 0
0.243 40.502 0.243 0.289 40.502 40.748 1 1
0.246 40.529 0.246 0.258 40.529 40.542 1 1
0.246 40.531 0.246 0.158 40.531 40.590 1 1
0.247 40.544 0.247 0.319 40.544 42.151 0 1
0.247 40.544 0.247 0.192 40.544 40.550 1 1
0.248 40.547 0.248 0.260 40.547 40.441 1 1
0.251 40.583 0.251 0.037 40.583 40.802 1 1
0.252 40.594 0.252 0.275 40.594 40.745 1 1
0.255 40.617 0.255 0.272 40.617 40.335 1 1
0.256 40.629 0.256 0.057 40.629 40.614 1 1
0.256 40.629 0.256 0.246 40.629 40.614 1 1
0.258 40.644 0.258 0.352 40.644 40.459 1 1
0.258 40.650 0.258 0.175 40.650 40.589 1 1
0.260 40.666 0.228 0.260 40.666 40.494 1 0
0.262 40.686 0.262 0.299 40.686 40.798 1 1
0.264 40.704 0.264 0.023 40.704 40.266 1 1
0.265 40.717 0.265 0.315 40.717 40.867 1 1
0.266 40.721 0.266 0.361 40.721 40.350 1 1
0.267 40.732 0.267 0.485 40.732 40.850 1 1
0.269 40.755 0.269 0.163 40.755 40.474 1 1
0.270 40.759 0.270 0.184 40.759 40.597 1 1
0.272 40.776 0.272 0.278 40.776 40.709 1 1
0.272 40.778 0.272 0.236 40.778 40.741 1 1
0.272 40.779 0.272 0.086 40.779 41.105 1 1
0.273 40.786 0.276 0.273 40.786 40.436 1 0
0.273 40.790 0.273 0.265 40.790 40.278 0 1
0.273 40.791 0.273 0.166 40.791 40.883 1 1
0.276 40.816 0.276 0.241 40.816 40.703 1 1
0.279 40.844 0.279 0.422 40.844 41.077 1 1
0.280 40.848 0.280 0.245 40.848 40.718 1 1
0.280 40.853 0.280 0.418 40.853 40.936 1 1
0.281 40.861 0.281 0.210 40.861 40.790 1 1
0.282 40.869 0.282 0.183 40.869 40.787 1 1
0.284 40.885 0.340 0.284 40.885 40.788 1 0
0.284 40.885 0.284 0.254 40.885 40.671 1 1
0.285 40.892 0.285 0.040 40.892 40.937 1 1
0.285 40.893 0.285 0.128 40.893 41.002 1 1
0.288 40.923 0.288 0.492 40.923 40.810 1 1
0.290 40.935 0.290 0.194 40.935 40.879 1 1
0.291 40.945 0.291 0.175 40.945 41.226 1 1
0.292 40.955 0.292 0.352 40.955 41.062 1 1
0.293 40.960 0.293 0.331 40.960 40.824 1 1
0.294 40.973 0.294 0.263 40.973 44.729 0 1
0.295 40.978 0.295 0.268 40.978 40.979 1 1
0.295 40.983 0.295 0.349 40.983 40.846 1 1
0.296 40.988 0.296 0.206 40.988 40.913 1 1
0.297 40.995 0.297 0.540 40.995 40.826 1 1
0.297 40.999 0.147 0.297 40.999 40.644 1 0
0.298 41.003 0.298 0.213 41.003 41.220 1 1
0.301 41.027 0.301 0.274 41.027 41.512 1 1
0.301 41.027 0.407 0.301 41.027 40.966 1 0
0.302 41.039 0.302 0.044 41.039 40.887 1 1
0.302 41.040 0.302 0.321 41.040 45.502 0 1
0.303 41.047 0.303 0.162 41.047 40.773 1 1
0.304 41.052 0.304 0.264 41.052 41.099 1 1
0.304 41.054 0.304 0.426 41.054 41.477 1 1
0.308 41.092 0.308 0.324 41.092 41.081 1 1
0.309 41.096 0.309 0.272 41.096 41.086 1 1
0.310 41.101 0.310 0.094 41.101 41.084 1 1
0.313 41.124 0.313 0.292 41.124 40.966 1 1
0.313 41.128 0.313 0.508 41.128 43.556 0 1
0.314 41.134 0.314 0.468 41.134 40.984 1 1
0.314 41.138 0.314 0.085 41.138 41.240 1 1
0.315 41.147 0.315 0.355 41.147 41.172 1 1
0.316 41.152 0.316 0.459 41.152 41.062 1 1
0.316 41.155 0.316 0.429 41.155 41.015 1 1
0.317 41.161 0.317 0.299 41.161 41.212 1 1
0.318 41.165 0.318 0.285 41.165 41.037 1 1
0.318 41.167 0.475 0.318 41.167 41.088 1 0
0.318 41.171 0.318 0.321 41.171 41.166 1 1
0.319 41.173 0.319 0.294 41.173 41.401 1 1
0.320 41.187 0.320 0.246 41.187 41.462 1 1
0.321 41.193 0.321 0.330 41.193 41.024 1 1
0.322 41.199 0.322 0.270 41.199 41.782 1 1
0.324 41.213 0.417 0.324 41.213 41.236 1 0
0.324 41.218 0.324 0.411 41.218 41.377 1 1
0.324 41.218 0.324 0.382 41.218 41.103 1 1
0.324 41.219 0.324 0.261 41.219 40.953 1 1
0.326 41.231 0.326 0.194 41.231 41.326 1 1
0.326 41.233 0.326 0.310 41.233 41.006 1 1
0.329 41.252 0.329 0.301 41.252 41.245 1 1
0.330 41.259 0.330 0.359 41.259 41.215 1 1
0.333 41.281 0.333 0.430 41.281 41.344 1 1
0.333 41.285 0.355 0.333 41.285 43.935 0 0
0.333 41.288 0.333 0.343 41.288 41.038 1 1
0.334 41.288 0.334 0.386 41.288 41.312 1 1
0.334 41.293 0.334 0.327 41.293 41.195 1 1
0.335 41.297 0.335 0.303 41.297 41.092 1 1
0.335 41.301 0.335 0.519 41.301 41.215 1 1
0.336 41.303 0.336 0.224 41.303 41.037 1 1
0.336 41.303 0.336 0.573 41.303 41.355 1 1
0.336 41.308 0.336 0.499 41.308 41.114 1 1
0.338 41.320 0.338 0.438 41.320 41.237 1 1
0.338 41.321 0.338 0.302 41.321 41.324 1 1
0.339 41.329 0.339 0.314 41.329 41.416 1 1
0.339 41.330 0.339 0.287 41.330 41.297 1 1
0.340 41.338 0.340 0.351 41.338 41.369 1 1
0.341 41.342 0.341 0.380 41.342 41.268 1 1
0.343 41.356 0.343 0.248 41.356 41.384 1 1
0.343 41.359 0.343 0.477 41.359 41.305 1 1
0.343 41.360 0.343 0.368 41.360 41.687 1 1
0.343 41.361 0.343 0.351 41.361 41.211 1 1
0.346 41.384 0.346 0.359 41.384 41.351 1 1
0.347 41.386 0.347 0.211 41.386 41.476 1 1
0.347 41.387 0.347 0.452 41.387 41.483 1 1
0.348 41.392 0.348 0.430 41.392 41.698 1 1
0.348 41.394 0.348 0.260 41.394 41.225 1 1
0.348 41.395 0.348 0.361 41.395 41.449 1 1
0.349 41.402 0.349 0.447 41.402 41.511 1 1
0.350 41.409 0.350 0.303 41.409 41.062 1 1
0.353 41.429 0.353 0.188 41.429 46.288 0 1
0.354 41.439 0.354 0.136 41.439 41.154 1 1
0.354 41.439 0.354 0.430 41.439 41.331 1 1
0.356 41.454 0.356 0.300 41.454 41.448 1 1
0.357 41.457 0.357 0.429 41.457 41.346 1 1
0.357 41.459 0.512 0.357 41.459 41.497 1 0
0.357 41.459 0.357 0.407 41.459 41.443 1 1
0.357 41.461 0.328 0.357 41.461 41.099 1 0
0.358 41.466 0.358 0.407 41.466 41.490 1 1
0.358 41.468 0.392 0.358 41.468 41.963 1 0
0.358 41.470 0.358 0.524 41.470 41.354 1 1
0.359 41.473 0.359 0.329 41.473 41.419 1 1
0.359 41.474 0.359 0.490 41.474 41.581 1 1
0.361 41.487 0.460 0.361 41.487 41.694 1 0
0.362 41.494 0.362 0.309 41.494 41.359 1 1
0.363 41.503 0.363 0.285 41.503 41.367 1 1
0.366 41.522 0.366 0.404 41.522 41.836 1 1
0.370 41.549 0.233 0.370 41.549 41.731 1 0
0.371 41.555 0.371 0.515 41.555 41.384 1 1
0.372 41.562 0.372 0.374 41.562 41.635 1 1
0.373 41.573 0.450 0.373 41.573 41.533 1 0
0.375 41.586 0.375 0.291 41.586 41.763 1 1
0.376 41.591 0.376 0.422 41.591 41.641 1 1
0.376 41.593 0.376 0.508 41.593 41.969 1 1
0.377 41.598 0.377 0.329 41.598 41.661 1 1
0.377 41.599 0.377 0.268 41.599 46.558 0 1
0.377 41.601 0.377 0.307 41.601 41.908 1 1
0.378 41.604 0.538 0.378 41.604 41.962 1 0
0.379 41.615 0.379 0.361 41.615 41.573 1 1
0.380 41.619 0.380 0.332 41.619 41.715 1 1
0.380 41.619 0.380 0.308 41.619 41.462 1 1
0.380 41.621 0.474 0.380 41.621 41.628 1 0
0.381 41.623 0.381 0.322 41.623 41.695 1 1
0.381 41.627 0.381 0.537 41.627 41.510 1 1
0.382 41.634 0.362 0.382 41.634 41.289 1 0
0.384 41.647 0.249 0.384 41.647 41.435 1 0
0.384 41.648 0.384 0.333 41.648 41.336 1 1
0.387 41.663 0.387 0.336 41.663 41.528 1 1
0.387 41.664 0.387 0.306 41.664 41.562 1 1
0.388 41.673 0.388 0.474 41.673 41.502 1 1
0.393 41.705 0.393 0.464 41.705 41.718 1 1
0.394 41.711 0.394 0.342 41.711 42.088 1 1
0.394 41.713 0.394 0.308 41.713 41.944 1 1
0.395 41.717 0.395 0.501 41.717 41.422 1 1
0.395 41.717 0.648 0.395 41.717 41.789 1 0
0.397 41.733 0.397 0.488 41.733 42.135 1 1
0.398 41.736 0.398 0.218 41.736 41.892 1 1
0.398 41.738 0.398 0.236 41.738 41.489 1 1
0.400 41.747 0.400 0.275 41.747 41.816 1 1
0.400 41.747 0.400 0.620 41.747 41.757 1 1
0.400 41.748 0.400 0.148 41.748 42.125 1 1
0.400 41.748 0.400 0.310 41.748 41.280 1 1
0.401 41.756 0.518 0.401 41.756 41.595 1 0
0.402 41.764 0.402 0.424 41.764 41.862 1 1
0.402 41.764 0.402 0.403 41.764 42.893 0 1
0.402 41.765 0.402 0.460 41.765 41.953 1 1
0.403 41.771 0.403 0.221 41.771 41.536 1 1
0.403 41.771 0.403 0.302 41.771 41.553 1 1
0.404 41.773 0.404 0.511 41.773 42.150 1 1
0.404 41.774 0.404 0.580 41.774 41.871 1 1
0.405 41.782 0.405 0.435 41.782 41.939 1 1
0.407 41.793 0.407 0.446 41.793 41.931 1 1
0.408 41.802 0.408 0.556 41.802 41.785 1 1
0.408 41.802 0.408 0.391 41.802 41.690 1 1
0.409 41.807 0.201 0.409 41.807 41.805 1 0
0.410 41.812 0.410 0.502 41.812 41.577 1 1
0.411 41.818 0.411 0.584 41.818 41.752 1 1
0.411 41.821 0.411 0.321 41.821 41.962 1 1
0.412 41.827 0.412 0.457 41.827 41.671 1 1
0.412 41.828 0.412 0.225 41.828 41.570 1 1
0.414 41.840 0.414 0.203 41.840 42.156 1 1
0.415 41.845 0.415 0.428 41.845 41.924 1 1
0.418 41.860 0.418 0.457 41.860 42.060 1 1
0.418 41.860 0.418 0.446 41.860 42.052 1 1
0.418 41.861 0.418 0.237 41.861 41.964 1 1
0.419 41.868 0.419 0.247 41.868 42.049 1 1
0.420 41.873 0.420 0.602 41.873 41.899 1 1
0.420 41.877 0.420 0.585 41.877 41.811 1 1
0.421 41.882 0.421 0.280 41.882 41.696 1 1
0.422 41.885 0.422 0.399 41.885 42.246 1 1
0.423 41.895 0.423 0.466 41.895 42.178 1 1
0.424 41.896 0.424 0.400 41.896 41.746 1 1
0.425 41.904 0.531 0.425 41.904 42.857 0 0
0.425 41.904 0.425 0.558 41.904 42.158 1 1
0.426 41.912 0.426 0.400 41.912 42.076 1 1
0.427 41.915 0.427 0.396 41.915 41.642 1 1
0.428 41.922 0.490 0.428 41.922 42.076 1 0
0.429 41.929 0.429 0.243 41.929 41.662 1 1
0.429 41.931 0.429 0.462 41.931 41.938 1 1
0.430 41.933 0.430 0.340 41.933 41.897 1 1
0.435 41.967 0.435 0.543 41.967 42.053 1 1
0.436 41.973 0.436 0.558 41.973 42.279 1 1
0.438 41.984 0.438 0.387 41.984 42.754 0 1
0.439 41.991 0.439 0.348 41.991 42.254 1 1
0.442 42.008 0.442 0.363 42.008 42.233 1 1
0.443 42.013 0.465 0.443 42.013 41.504 1 0
0.443 42.013 0.443 0.355 42.013 41.825 1 1
0.446 42.032 0.446 0.526 42.032 42.415 1 1
0.448 42.041 0.448 0.342 42.041 42.159 1 1
0.449 42.046 0.449 0.475 42.046 42.159 1 1
0.449 42.047 0.449 0.403 42.047 42.143 1 1
0.449 42.048 0.449 0.443 42.048 42.384 1 1
0.451 42.057 0.451 0.483 42.057 41.841 1 1
0.452 42.062 0.577 0.452 42.062 41.869 1 0
0.452 42.063 0.452 0.510 42.063 42.142 1 1
0.453 42.069 0.453 0.331 42.069 42.212 1 1
0.454 42.075 0.454 0.609 42.075 42.016 1 1
0.454 42.076 0.454 0.500 42.076 42.103 1 1
0.455 42.079 0.455 0.538 42.079 42.157 1 1
0.457 42.090 0.457 0.504 42.090 42.178 1 1
0.457 42.091 0.457 0.406 42.091 41.959 1 1
0.457 42.092 0.457 0.400 42.092 41.813 1 1
0.457 42.092 0.457 0.388 42.092 42.152 1 1
0.460 42.111 0.460 0.315 42.111 45.230 0 1
0.461 42.112 0.461 0.465 42.112 42.372 1 1
0.461 42.114 0.461 0.646 42.114 42.248 1 1
0.463 42.126 0.463 0.713 42.126 42.338 1 1
0.464 42.130 0.464 0.442 42.130 42.272 1 1
0.464 42.132 0.464 0.541 42.132 42.586 1 1
0.467 42.148 0.467 0.429 42.148 42.339 1 1
0.468 42.155 0.468 0.293 42.155 42.214 1 1
0.471 42.168 0.397 0.471 42.168 42.149 1 0
0.471 42.170 0.471 0.606 42.170 42.200 1 1
0.471 42.172 0.471 0.373 42.172 41.905 1 1
0.473 42.180 0.473 0.470 42.180 42.283 1 1
0.473 42.181 0.473 0.548 42.181 42.066 1 1
0.474 42.185 0.385 0.474 42.185 42.019 1 0
0.474 42.189 0.474 0.313 42.189 42.241 1 1
0.475 42.190 0.475 0.456 42.190 42.431 1 1
0.475 42.194 0.475 0.459 42.194 42.014 1 1
0.476 42.197 0.522 0.476 42.197 42.153 1 0
0.478 42.209 0.478 0.602 42.209 42.257 1 1
0.478 42.210 0.478 0.534 42.210 42.097 1 1
0.479 42.215 0.479 0.569 42.215 42.122 1 1
0.485 42.247 0.485 0.589 42.247 42.229 1 1
0.487 42.257 0.487 0.573 42.257 42.338 1 1
0.487 42.258 0.487 0.437 42.258 42.372 1 1
0.489 42.265 0.489 0.532 42.265 42.078 1 1
0.489 42.270 0.489 0.634 42.270 42.015 1 1
0.490 42.274 0.490 0.492 42.274 41.849 1 1
0.490 42.275 0.490 0.385 42.275 42.268 1 1
0.492 42.282 0.492 0.234 42.282 42.296 1 1
0.492 42.284 0.492 0.608 42.284 42.005 1 1
0.494 42.292 0.494 0.527 42.292 42.082 1 1
0.495 42.298 0.495 0.483 42.298 41.990 1 1
0.495 42.299 0.495 0.251 42.299 42.021 1 1
0.497 42.307 0.497 0.616 42.307 42.149 1 1
0.498 42.314 0.498 0.567 42.314 44.168 0 1
0.499 42.318 0.499 0.598 42.318 46.435 0 1
0.499 42.318 0.499 0.282 42.318 42.463 1 1
0.502 42.335 0.502 0.538 42.335 41.998 1 1
0.502 42.335 0.551 0.502 42.335 42.276 1 0
0.508 42.368 0.508 0.435 42.368 42.458 1 1
0.508 42.369 0.508 0.434 42.369 42.189 1 1
0.512 42.387 0.512 0.365 42.387 42.121 1 1
0.513 42.394 0.513 0.526 42.394 42.415 1 1
0.514 42.398 0.514 0.571 42.398 42.525 1 1
0.515 42.401 0.515 0.482 42.401 42.292 1 1
0.516 42.405 0.516 0.554 42.405 45.426 0 1
0.517 42.409 0.517 0.547 42.409 42.565 1 1
0.519 42.420 0.519 0.571 42.420 42.481 1 1
0.519 42.420 0.519 0.404 42.420 42.173 1 1
0.520 42.425 0.520 0.585 42.425 42.253 1 1
0.525 42.450 0.525 0.677 42.450 42.488 1 1
0.525 42.450 0.525 0.560 42.450 42.275 1 1
0.525 42.452 0.525 0.493 42.452 44.589 0 1
0.526 42.456 0.526 0.607 42.456 42.445 1 1
0.528 42.465 0.528 0.692 42.465 42.351 1 1
0.528 42.466 0.528 0.636 42.466 42.415 1 1
0.529 42.472 0.529 0.495 42.472 42.294 1 1
0.530 42.474 0.530 0.505 42.474 42.418 1 1
0.531 42.482 0.364 0.531 42.482 42.138 1 0
0.531 42.483 0.531 0.571 42.483 42.654 1 1
0.532 42.485 0.532 0.663 42.485 42.505 1 1
0.534 42.495 0.534 0.410 42.495 42.750 1 1
0.537 42.513 0.537 0.539 42.513 42.782 1 1
0.537 42.513 0.537 0.419 42.513 42.446 1 1
0.538 42.517 0.538 0.550 42.517 42.230 1 1
0.538 42.518 0.538 0.494 42.518 42.281 1 1
0.539 42.520 0.539 0.502 42.520 42.826 1 1
0.544 42.543 0.544 0.319 42.543 42.629 1 1
0.544 42.545 0.544 0.536 42.545 42.516 1 1
0.545 42.549 0.545 0.701 42.549 42.610 1 1
0.547 42.561 0.547 0.582 42.561 42.785 1 1
0.550 42.572 0.550 0.639 42.572 42.686 1 1
0.551 42.577 0.551 0.506 42.577 42.572 1 1
0.551 42.580 0.551 0.446 42.580 42.821 1 1
0.552 42.581 0.552 0.635 42.581 42.423 1 1
0.555 42.596 0.555 0.614 42.596 42.833 1 1
0.556 42.603 0.556 0.293 42.603 42.644 1 1
0.558 42.612 0.558 0.494 42.612 42.543 1 1
0.558 42.613 0.558 0.683 42.613 42.517 1 1
0.559 42.618 0.559 0.700 42.618 42.667 1 1
0.560 42.621 0.560 0.678 42.621 43.723 0 1
0.561 42.626 0.561 0.615 42.626 42.540 1 1
0.565 42.642 0.565 0.443 42.642 42.726 1 1
0.565 42.642 0.565 0.683 42.642 42.838 1 1
0.567 42.653 0.567 0.563 42.653 42.792 1 1
0.568 42.658 0.568 0.461 42.658 42.852 1 1
0.568 42.659 0.568 0.761 42.659 42.936 1 1
0.569 42.664 0.569 0.582 42.664 44.808 0 1
0.570 42.666 0.570 0.611 42.666 42.737 1 1
0.570 42.669 0.570 0.686 42.669 42.500 1 1
0.572 42.676 0.572 0.554 42.676 42.553 1 1
0.574 42.685 0.574 0.498 42.685 42.217 1 1
0.580 42.711 0.580 0.527 42.711 42.552 1 1
0.580 42.714 0.580 0.563 42.714 42.736 1 1
0.585 42.736 0.585 0.569 42.736 42.755 1 1
0.585 42.736 0.585 0.444 42.736 42.619 1 1
0.586 42.738 0.586 0.606 42.738 42.701 1 1
0.586 42.741 0.586 0.607 42.741 42.568 1 1
0.589 42.751 0.589 0.517 42.751 42.564 1 1
0.589 42.753 0.589 0.698 42.753 42.504 1 1
0.590 42.755 0.590 0.723 42.755 42.811 1 1
0.593 42.772 0.593 0.776 42.772 43.162 1 1
0.593 42.772 0.619 0.593 42.772 42.831 1 0
0.594 42.773 0.594 0.628 42.773 42.711 1 1
0.594 42.774 0.594 0.659 42.774 43.067 1 1
0.596 42.786 0.596 0.474 42.786 42.662 1 1
0.597 42.789 0.597 0.663 42.789 42.933 1 1
0.597 42.790 0.597 0.625 42.790 42.850 1 1
0.597 42.790 0.597 0.754 42.790 42.649 1 1
0.598 42.792 0.598 0.438 42.792 42.797 1 1
0.600 42.801 0.600 0.542 42.801 42.782 1 1
0.600 42.801 0.600 0.645 42.801 42.368 1 1
0.602 42.808 0.602 0.580 42.808 42.918 1 1
0.603 42.814 0.603 0.590 42.814 42.650 1 1
0.603 42.816 0.603 0.470 42.816 42.845 1 1
0.604 42.818 0.604 0.664 42.818 43.020 1 1
0.604 42.819 0.604 0.697 42.819 42.763 1 1
0.606 42.827 0.606 0.793 42.827 42.881 1 1
0.606 42.828 0.606 0.746 42.828 42.962 1 1
0.606 42.829 0.606 0.539 42.829 43.224 1 1
0.606 42.829 0.606 0.395 42.829 42.826 1 1
0.609 42.839 0.609 0.524 42.839 42.999 1 1
0.610 42.843 0.610 0.590 42.843 42.763 1 1
0.610 42.847 0.554 0.610 42.847 42.989 1 0
0.612 42.854 0.612 0.778 42.854 43.046 1 1
0.614 42.864 0.614 0.644 42.864 44.123 0 1
0.615 42.867 0.615 0.521 42.867 42.837 1 1
0.616 42.871 0.673 0.616 42.871 42.882 1 0
0.617 42.873 0.617 0.550 42.873 42.877 1 1
0.617 42.873 0.617 0.643 42.873 43.266 1 1
0.617 42.874 0.617 0.451 42.874 42.988 1 1
0.620 42.888 0.620 0.487 42.888 42.993 1 1
0.621 42.892 0.621 0.382 42.892 42.518 1 1
0.622 42.898 0.704 0.622 42.898 42.830 1 0
0.623 42.900 0.623 0.609 42.900 43.159 1 1
0.627 42.916 0.627 0.483 42.916 42.797 1 1
0.628 42.921 0.440 0.628 42.921 42.693 1 0
0.628 42.921 0.697 0.628 42.921 42.767 1 0
0.629 42.925 0.629 0.678 42.925 42.928 1 1
0.629 42.927 0.629 0.808 42.927 42.954 1 1
0.632 42.936 0.632 0.765 42.936 42.732 1 1
0.632 42.937 0.632 0.714 42.937 45.836 0 1
0.633 42.942 0.633 0.620 42.942 42.576 1 1
0.634 42.948 0.634 0.722 42.948 42.847 1 1
0.636 42.953 0.636 0.784 42.953 42.568 1 1
0.636 42.953 0.636 0.576 42.953 42.912 1 1
0.636 42.957 0.636 0.464 42.957 42.787 1 1
0.639 42.966 0.639 0.772 42.966 47.159 0 1
0.639 42.967 0.639 0.632 42.967 43.147 1 1
0.640 42.971 0.640 0.453 42.971 44.139 0 1
0.640 42.973 0.640 0.703 42.973 42.429 1 1
0.641 42.974 0.641 0.610 42.974 43.330 1 1
0.641 42.975 0.641 0.611 42.975 43.253 1 1
0.641 42.977 0.641 0.524 42.977 43.049 1 1
0.641 42.977 0.641 0.557 42.977 42.687 1 1
0.642 42.979 0.642 0.597 42.979 43.041 1 1
0.643 42.983 0.643 0.652 42.983 43.062 1 1
0.643 42.985 0.643 0.729 42.985 43.246 1 1
0.643 42.986 0.643 0.490 42.986 43.087 1 1
0.644 42.987 0.644 0.533 42.987 43.228 1 1
0.645 42.994 0.645 0.596 42.994 42.835 1 1
0.645 42.994 0.645 0.623 42.994 42.791 1 1
0.647 42.998 0.647 0.730 42.998 43.057 1 1
0.651 43.016 0.651 0.764 43.016 43.054 1 1
0.652 43.019 0.652 0.699 43.019 43.233 1 1
0.652 43.021 0.652 0.738 43.021 43.006 1 1
0.653 43.025 0.653 0.577 43.025 43.053 1 1
0.653 43.025 0.653 0.658 43.025 43.146 1 1
0.655 43.033 0.655 0.439 43.033 43.028 1 1
0.655 43.034 0.655 0.562 43.034 43.130 1 1
0.656 43.035 0.656 0.605 43.035 42.693 1 1
0.657 43.040 0.657 0.905 43.040 43.274 1 1
0.657 43.042 0.657 0.542 43.042 42.949 1 1
0.657 43.042 0.657 0.771 43.042 43.051 1 1
0.659 43.047 0.659 0.725 43.047 42.778 1 1
0.660 43.053 0.660 0.571 43.053 43.034 1 1
0.660 43.055 0.660 0.666 43.055 42.934 1 1
0.665 43.074 0.665 0.755 43.074 43.015 1 1
0.669 43.088 0.669 0.405 43.088 43.311 1 1
0.671 43.095 0.671 0.899 43.095 43.198 1 1
0.672 43.099 0.672 0.667 43.099 42.834 1 1
0.675 43.111 0.675 0.475 43.111 42.872 1 1
0.676 43.115 0.676 0.709 43.115 43.405 1 1
0.677 43.120 0.677 0.785 43.120 42.957 1 1
0.681 43.136 0.681 0.747 43.136 42.992 1 1
0.683 43.142 0.683 0.849 43.142 43.028 1 1
0.683 43.145 0.853 0.683 43.145 43.261 1 0
0.685 43.152 0.685 0.771 43.152 43.361 1 1
0.685 43.152 0.685 0.770 43.152 43.166 1 1
0.686 43.153 0.686 0.639 43.153 42.871 1 1
0.687 43.158 0.687 0.679 43.158 44.886 0 1
0.689 43.165 0.689 0.703 43.165 43.160 1 1
0.689 43.165 0.689 0.548 43.165 43.321 1 1
0.689 43.166 0.689 0.709 43.166 43.077 1 1
0.690 43.169 0.690 0.818 43.169 43.048 1 1
0.692 43.180 0.683 0.692 43.180 43.220 1 0
0.693 43.180 0.693 0.740 43.180 43.082 1 1
0.694 43.186 0.694 0.756 43.186 42.789 1 1
0.694 43.187 0.694 0.768 43.187 43.263 1 1
0.695 43.189 0.695 0.616 43.189 43.598 1 1
0.696 43.193 0.696 0.777 43.193 43.376 1 1
0.696 43.194 0.696 0.719 43.194 43.292 1 1
0.697 43.197 0.707 0.697 43.197 43.273 1 0
0.699 43.204 0.699 0.639 43.204 43.061 1 1
0.702 43.215 0.702 0.634 43.215 43.257 1 1
0.702 43.216 0.702 0.744 43.216 43.542 1 1
0.704 43.223 0.704 0.833 43.223 43.508 1 1
0.706 43.229 0.706 0.405 43.229 43.291 1 1
0.710 43.245 0.710 0.657 43.245 43.435 1 1
0.711 43.249 0.711 0.612 43.249 43.394 1 1
0.711 43.249 0.711 0.779 43.249 42.962 1 1
0.713 43.255 0.713 0.959 43.255 42.880 1 1
0.714 43.259 0.714 0.735 43.259 43.197 1 1
0.714 43.259 0.714 0.568 43.259 43.339 1 1
0.714 43.259 0.714 0.652 43.259 43.404 1 1
0.714 43.260 0.714 0.852 43.260 43.491 1 1
0.714 43.262 0.634 0.714 43.262 42.984 1 0
0.717 43.271 0.717 0.552 43.271 43.147 1 1
0.717 43.273 0.717 0.725 43.273 42.988 1 1
0.719 43.278 0.719 0.667 43.278 43.219 1 1
0.719 43.278 0.719 0.613 43.278 42.901 1 1
0.719 43.278 0.719 0.756 43.278 43.342 1 1
0.721 43.285 0.721 0.617 43.285 43.355 1 1
0.722 43.290 0.722 0.707 43.290 42.927 1 1
0.722 43.290 0.722 0.748 43.290 43.101 1 1
0.722 43.291 0.722 0.681 43.291 42.757 1 1
0.722 43.291 0.722 0.508 43.291 43.457 1 1
0.725 43.300 0.725 0.801 43.300 43.569 1 1
0.727 43.307 0.727 0.622 43.307 43.094 1 1
0.727 43.308 0.727 0.810 43.308 43.372 1 1
0.727 43.309 0.727 0.852 43.309 43.470 1 1
0.727 43.310 0.727 0.710 43.310 43.322 1 1
0.727 43.310 0.727 0.683 43.310 43.448 1 1
0.728 43.311 0.728 0.720 43.311 43.061 1 1
0.728 43.314 0.728 0.885 43.314 43.487 1 1
0.729 43.317 0.729 0.710 43.317 43.563 1 1
0.730 43.319 0.730 0.718 43.319 43.111 1 1
0.732 43.328 0.732 0.732 43.328 43.676 1 0
0.733 43.331 0.733 0.809 43.331 43.382 1 1
0.734 43.333 0.734 0.832 43.333 43.294 1 1
0.735 43.336 0.735 0.845 43.336 43.278 1 1
0.735 43.338 0.735 0.849 43.338 43.651 0 1
0.735 43.339 0.735 0.700 43.339 43.322 1 1
0.736 43.342 0.736 0.721 43.342 43.113 1 1
0.738 43.348 0.738 0.623 43.348 43.116 1 1
0.739 43.351 0.739 0.819 43.351 43.552 1 1
0.740 43.354 0.740 0.840 43.354 42.979 1 1
0.740 43.357 0.740 0.737 43.357 43.489 1 1
0.740 43.357 0.740 0.696 43.357 43.099 1 1
0.741 43.360 0.775 0.741 43.360 43.527 1 0
0.742 43.362 0.742 0.764 43.362 43.432 1 1
0.742 43.362 0.742 0.723 43.362 43.331 1 1
0.742 43.363 0.742 0.735 43.363 47.806 0 1
0.742 43.364 0.742 0.907 43.364 43.388 1 1
0.743 43.365 0.743 0.739 43.365 43.189 1 1
0.743 43.365 0.743 0.662 43.365 43.503 1 1
0.743 43.366 0.743 0.810 43.366 43.320 1 1
0.743 43.367 0.743 0.816 43.367 43.401 1 1
0.744 43.369 0.744 0.704 43.369 43.481 1 1
0.746 43.376 0.746 0.716 43.376 43.148 1 1
0.747 43.379 0.747 0.718 43.379 43.851 1 1
0.747 43.382 0.747 0.784 43.382 46.771 0 1
0.747 43.382 0.747 0.756 43.382 43.934 1 1
0.747 43.382 0.747 0.802 43.382 43.068 1 1
0.748 43.385 0.748 0.570 43.385 43.685 1 1
0.749 43.389 0.749 0.829 43.389 43.455 1 1
0.751 43.395 0.751 0.834 43.395 43.495 1 1
0.752 43.399 0.752 0.835 43.399 43.187 1 1
0.753 43.401 0.753 0.904 43.401 43.577 1 1
0.753 43.403 0.753 0.824 43.403 43.443 1 1
0.754 43.404 0.754 0.798 43.404 43.651 1 1
0.757 43.415 0.843 0.757 43.415 43.713 1 0
0.757 43.417 0.757 0.753 43.417 43.509 1 1
0.758 43.420 0.758 0.643 43.420 43.553 1 1
0.758 43.420 0.758 0.742 43.420 43.471 1 1
0.760 43.426 0.760 0.804 43.426 43.299 1 1
0.760 43.428 0.760 0.678 43.428 43.514 1 1
0.760 43.428 0.760 0.733 43.428 43.439 1 1
0.761 43.430 0.761 0.701 43.430 43.233 1 1
0.761 43.431 0.761 0.802 43.431 43.373 1 1
0.763 43.436 0.763 0.641 43.436 43.686 1 1
0.764 43.439 0.764 0.842 43.439 43.701 1 1
0.764 43.441 0.764 0.955 43.441 43.686 1 1
0.764 43.441 0.764 0.915 43.441 43.705 1 1
0.765 43.444 0.765 0.807 43.444 43.463 1 1
0.765 43.445 0.765 0.687 43.445 43.688 1 1
0.765 43.445 0.765 0.701 43.445 43.591 1 1
0.766 43.446 0.766 0.695 43.446 43.536 1 1
0.767 43.450 0.767 0.687 43.450 43.185 1 1
0.768 43.454 0.768 0.786 43.454 43.416 1 1
0.769 43.457 0.769 0.842 43.457 43.523 1 1
0.770 43.460 0.770 0.863 43.460 43.546 1 1
0.770 43.463 0.770 0.738 43.463 45.858 0 1
0.771 43.466 0.771 0.675 43.466 43.446 1 1
0.772 43.467 0.584 0.772 43.467 43.333 1 0
0.773 43.472 0.773 0.794 43.472 44.045 1 1
0.774 43.476 0.774 0.939 43.476 43.953 0 1
0.775 43.477 0.830 0.775 43.477 43.517 1 0
0.776 43.481 0.776 0.680 43.481 43.300 1 1
0.776 43.482 0.776 0.653 43.482 43.282 1 1
0.776 43.483 0.776 0.573 43.483 43.741 1 1
0.777 43.484 0.777 0.730 43.484 43.462 1 1
0.778 43.487 0.778 0.821 43.487 43.397 1 1
0.779 43.491 0.779 0.779 43.491 43.408 1 1
0.779 43.493 0.779 0.791 43.493 43.366 1 1
0.779 43.493 0.779 0.738 43.493 43.706 1 1
0.780 43.495 0.780 0.561 43.495 43.864 1 1
0.780 43.496 0.780 0.892 43.496 43.507 1 1
0.781 43.498 0.781 0.729 43.498 43.412 1 1
0.781 43.498 0.781 0.797 43.498 43.525 1 1
0.781 43.500 0.781 0.776 43.500 43.624 1 1
0.785 43.511 0.792 0.785 43.511 43.793 1 0
0.785 43.511 0.785 0.886 43.511 43.537 1 1
0.785 43.512 0.785 0.608 43.512 43.254 1 1
0.786 43.516 0.786 0.499 43.516 43.640 1 1
0.787 43.520 0.787 0.778 43.520 43.284 1 1
0.788 43.522 0.788 0.627 43.522 43.501 1 1
0.788 43.522 0.788 1.080 43.522 43.632 1 1
0.788 43.524 0.788 0.811 43.524 43.705 1 1
0.788 43.524 0.788 0.726 43.524 43.839 1 1
0.790 43.528 0.790 0.757 43.528 43.421 1 1
0.790 43.530 0.790 0.752 43.530 43.579 1 1
0.790 43.530 0.790 0.702 43.530 43.665 1 1
0.790 43.531 0.790 0.753 43.531 43.287 1 1
0.791 43.534 0.791 0.685 43.534 43.263 1 1
0.791 43.534 0.791 0.491 43.534 43.644 1 1
0.797 43.552 0.797 0.660 43.552 43.513 1 1
0.797 43.552 0.797 0.733 43.552 43.629 1 1
0.797 43.554 0.797 0.694 43.554 43.829 1 1
0.798 43.555 0.798 0.807 43.555 43.761 1 1
0.798 43.557 0.798 0.943 43.557 43.373 1 1
0.798 43.557 0.798 0.760 43.557 44.023 1 1
0.799 43.559 0.799 0.732 43.559 43.368 1 1
0.799 43.559 0.799 0.741 43.559 43.300 1 1
0.799 43.560 0.799 0.597 43.560 43.654 1 1
0.800 43.562 0.800 1.103 43.562 43.685 1 1
0.800 43.564 0.800 0.928 43.564 43.786 1 1
0.800 43.564 0.800 0.702 43.564 43.832 1 1
0.801 43.567 0.801 0.679 43.567 43.556 1 1
0.802 43.570 0.802 0.837 43.570 45.045 0 1
0.803 43.573 0.803 0.691 43.573 43.674 1 1
0.803 43.574 0.803 0.771 43.574 43.409 1 1
0.804 43.575 0.804 0.776 43.575 43.859 1 1
0.804 43.576 0.804 0.620 43.576 43.485 1 1
0.804 43.576 0.804 0.865 43.576 44.550 0 1
0.805 43.579 0.805 0.747 43.579 43.682 1 1
0.806 43.582 0.806 0.767 43.582 43.799 1 1
0.807 43.588 0.807 0.893 43.588 43.605 1 1
0.812 43.601 0.812 0.848 43.601 43.599 1 1
0.813 43.604 0.813 0.795 43.604 43.308 1 1
0.813 43.606 0.787 0.813 43.606 43.928 1 0
0.814 43.608 0.814 0.937 43.608 43.560 1 1
0.814 43.610 0.814 0.783 43.610 43.346 1 1
0.818 43.622 0.818 0.868 43.622 43.822 1 1
0.819 43.627 0.837 0.819 43.627 43.706 1 0
0.822 43.635 0.822 0.698 43.635 43.567 1 1
0.822 43.636 0.822 0.892 43.636 43.681 1 1
0.823 43.638 0.823 0.906 43.638 43.947 1 1
0.823 43.638 0.823 0.736 43.638 43.303 1 1
0.826 43.650 0.826 0.893 43.650 43.761 1 1
0.827 43.651 0.827 0.852 43.651 44.137 1 1
0.827 43.651 0.827 0.720 43.651 43.303 1 1
0.828 43.655 0.971 0.828 43.655 43.799 1 0
0.831 43.663 0.937 0.831 43.663 43.735 1 0
0.831 43.664 0.831 0.843 43.664 46.023 0 1
0.831 43.664 0.831 0.904 43.664 43.701 1 1
0.831 43.665 0.831 0.787 43.665 43.818 1 1
0.831 43.665 0.885 0.831 43.665 43.453 1 0
0.833 43.670 0.833 0.957 43.670 43.796 1 1
0.833 43.671 0.833 0.686 43.671 43.690 1 1
0.835 43.676 0.835 0.862 43.676 43.535 1 1
0.835 43.677 0.835 0.910 43.677 43.585 1 1
0.837 43.683 0.837 0.791 43.683 43.807 1 1
0.838 43.688 0.838 0.879 43.688 43.414 1 1
0.840 43.692 0.840 0.896 43.692 43.893 1 1
0.842 43.699 0.842 0.927 43.699 43.648 1 1
0.844 43.704 0.844 1.039 43.704 43.688 1 1
0.844 43.705 0.844 0.833 43.705 43.652 1 1
0.844 43.706 0.844 0.948 43.706 43.728 1 1
0.845 43.708 0.845 0.766 43.708 43.860 1 1
0.846 43.713 0.846 0.993 43.713 43.515 1 1
0.847 43.714 0.847 0.844 43.714 43.762 1 1
0.849 43.720 0.849 0.870 43.720 43.798 1 1
0.851 43.727 0.851 0.914 43.727 44.096 1 1
0.851 43.728 0.851 0.956 43.728 43.992 1 1
0.852 43.730 0.852 0.773 43.730 43.711 1 1
0.852 43.732 0.852 0.733 43.732 43.421 1 1
0.853 43.734 0.853 0.814 43.734 43.633 1 1
0.853 43.735 0.853 0.667 43.735 43.628 1 1
0.854 43.737 0.966 0.854 43.737 43.747 1 0
0.854 43.737 0.854 0.800 43.737 44.043 1 1
0.855 43.741 0.855 0.791 43.741 43.803 1 1
0.855 43.741 0.855 0.827 43.741 43.701 1 1
0.856 43.742 0.856 0.993 43.742 43.267 1 1
0.856 43.743 0.856 0.871 43.743 43.545 1 1
0.856 43.745 0.856 0.968 43.745 43.539 1 1
0.858 43.750 0.858 0.830 43.750 43.560 1 1
0.859 43.752 0.859 0.946 43.752 43.811 1 1
0.859 43.752 0.859 1.000 43.752 43.912 1 1
0.859 43.753 0.859 0.935 43.753 44.230 1 1
0.864 43.768 0.864 0.746 43.768 43.748 1 1
0.866 43.775 0.865 0.866 43.775 43.754 1 0
0.867 43.776 0.867 0.817 43.776 43.886 1 1
0.868 43.780 0.868 0.782 43.780 43.983 1 1
0.868 43.780 0.868 0.801 43.780 43.559 1 1
0.870 43.787 0.870 1.000 43.787 43.998 1 1
0.871 43.788 0.970 0.871 43.788 43.823 1 0
0.871 43.791 0.848 0.871 43.791 43.787 1 0
0.874 43.797 0.874 0.946 43.797 43.527 1 1
0.876 43.803 0.876 0.707 43.803 43.861 1 1
0.876 43.804 0.969 0.876 43.804 43.902 1 0
0.876 43.805 0.888 0.876 43.805 43.310 1 0
0.877 43.807 0.877 0.821 43.807 43.720 1 1
0.877 43.808 0.877 0.843 43.808 43.597 1 1
0.877 43.809 0.877 0.803 43.809 44.010 1 1
0.877 43.809 0.877 0.842 43.809 43.818 1 1
0.879 43.813 0.879 0.893 43.813 43.734 1 1
0.880 43.816 0.880 0.799 43.816 43.950 1 1
0.881 43.819 1.029 0.881 43.819 43.762 1 0
0.881 43.821 0.881 0.971 43.821 43.816 1 1
0.882 43.822 0.882 0.757 43.822 43.857 1 1
0.882 43.824 0.882 1.084 43.824 43.808 1 1
0.887 43.839 0.887 0.639 43.839 43.544 1 1
0.888 43.840 0.888 0.891 43.840 44.024 1 1
0.889 43.844 0.889 0.920 43.844 43.796 1 1
0.891 43.849 0.891 0.898 43.849 43.899 1 1
0.891 43.849 0.891 0.946 43.849 43.743 1 1
0.891 43.851 0.891 0.904 43.851 43.829 1 1
0.894 43.859 0.894 0.732 43.859 44.269 1 1
0.894 43.860 0.894 0.883 43.860 43.788 1 1
0.894 43.860 0.894 1.103 43.860 44.064 1 1
0.895 43.863 0.895 0.781 43.863 43.827 1 1
0.897 43.869 0.897 0.850 43.869 43.943 1 1
0.898 43.872 0.898 0.927 43.872 44.225 1 1
0.900 43.877 0.900 0.819 43.877 45.406 0 1
0.900 43.877 0.900 0.830 43.877 44.181 1 1
0.901 43.880 0.901 0.958 43.880 43.914 1 1
0.903 43.887 0.903 1.029 43.887 43.871 1 1
0.903 43.887 0.903 0.903 43.887 43.745 1 1
0.904 43.888 0.904 1.071 43.888 44.017 1 1
0.904 43.888 0.943 0.904 43.888 43.718 1 0
0.905 43.892 0.905 0.911 43.892 43.894 1 1
0.905 43.893 0.905 0.946 43.893 43.587 1 1
0.906 43.893 0.906 0.951 43.893 44.038 1 1
0.906 43.895 0.906 0.877 43.895 43.732 1 1
0.907 43.897 0.907 0.810 43.897 43.742 1 1
0.907 43.897 0.907 0.816 43.897 44.158 1 1
0.909 43.903 0.909 0.838 43.903 43.988 1 1
0.909 43.904 0.761 0.909 43.904 43.782 1 0
0.909 43.905 0.909 0.936 43.905 44.094 1 1
0.910 43.907 0.795 0.910 43.907 43.537 1 0
0.910 43.908 0.910 0.900 43.908 44.198 1 1
0.911 43.909 0.911 0.969 43.909 43.469 1 1
0.911 43.910 0.911 0.945 43.910 43.913 1 1
0.914 43.919 0.914 0.853 43.919 43.731 1 1
0.915 43.922 0.915 0.930 43.922 43.674 1 1
0.915 43.923 1.069 0.915 43.923 43.747 1 0
0.916 43.924 0.964 0.916 43.924 43.746 1 0
0.917 43.928 0.917 0.860 43.928 43.963 1 1
0.918 43.929 0.918 0.821 43.929 44.171 1 1
0.918 43.929 0.918 1.001 43.929 43.750 1 1
0.918 43.930 0.918 0.947 43.930 44.171 1 1
0.918 43.930 0.918 0.947 43.930 43.623 1 1
0.918 43.931 0.918 0.909 43.931 44.122 1 1
0.919 43.932 0.919 0.927 43.932 44.063 1 1
0.919 43.933 0.919 0.997 43.933 44.049 1 1
0.920 43.935 0.920 1.043 43.935 43.959 1 1
0.920 43.937 0.920 1.133 43.937 43.884 1 1
0.921 43.937 0.921 0.727 43.937 43.580 1 1
0.923 43.944 0.923 0.863 43.944 44.379 1 1
0.924 43.946 0.924 1.169 43.946 43.625 1 1
0.924 43.949 0.939 0.924 43.949 43.593 1 0
0.925 43.950 0.925 0.801 43.950 43.875 1 1
0.928 43.958 0.928 1.008 43.958 43.818 1 1
0.929 43.961 0.929 0.822 43.961 44.058 1 1
0.930 43.964 0.930 0.930 43.964 43.845 1 1
0.931 43.966 0.931 1.074 43.966 43.940 1 1
0.931 43.968 0.931 0.955 43.968 43.884 1 1
0.931 43.968 0.931 0.994 43.968 43.860 1 1
0.933 43.974 0.933 0.955 43.974 43.931 1 1
0.935 43.978 0.850 0.935 43.978 43.879 1 0
0.936 43.983 0.936 0.861 43.983 43.914 1 1
0.937 43.986 0.937 0.878 43.986 44.103 1 1
0.938 43.986 0.938 1.041 43.986 43.832 1 1
0.938 43.989 0.938 1.090 43.989 43.836 1 1
0.939 43.991 0.939 1.035 43.991 43.889 1 1
0.940 43.993 0.709 0.940 43.993 44.087 1 0
0.941 43.997 0.941 0.943 43.997 43.764 1 1
0.942 44.000 0.942 0.885 44.000 44.267 1 1
0.945 44.008 0.945 0.852 44.008 44.007 1 1
0.948 44.016 0.948 0.786 44.016 44.172 1 1
0.948 44.017 0.948 0.877 44.017 43.687 1 1
0.949 44.018 0.949 1.034 44.018 43.989 1 1
0.950 44.020 0.950 0.996 44.020 44.159 1 1
0.951 44.025 0.951 0.930 44.025 44.040 1 1
0.952 44.028 0.952 0.903 44.028 46.556 0 1
0.953 44.029 0.953 0.918 44.029 43.943 1 1
0.954 44.034 0.954 0.907 44.034 43.851 1 1
0.955 44.036 0.955 1.009 44.036 44.176 1 1
0.956 44.039 0.956 1.146 44.039 44.168 1 1
0.958 44.043 0.958 1.083 44.043 44.094 1 1
0.959 44.046 0.959 0.991 44.046 50.432 0 1
0.960 44.049 0.960 0.978 44.049 44.000 1 1
0.961 44.054 0.961 0.921 44.054 43.899 1 1
0.962 44.055 0.962 0.828 44.055 44.262 1 1
0.963 44.059 0.963 0.854 44.059 44.169 1 1
0.964 44.060 0.964 1.151 44.060 44.139 1 1
0.964 44.062 0.964 0.942 44.062 43.779 1 1
0.964 44.062 0.964 0.959 44.062 44.420 1 1
0.965 44.063 0.965 1.091 44.063 43.807 1 1
0.965 44.064 0.965 0.985 44.064 43.792 1 1
0.966 44.065 0.966 0.937 44.065 44.167 1 1
0.967 44.068 0.988 0.967 44.068 43.763 1 0
0.967 44.069 0.967 1.006 44.069 44.131 1 1
0.967 44.070 0.967 1.034 44.070 44.142 1 1
0.968 44.073 0.968 1.041 44.073 44.486 1 1
0.968 44.073 0.968 0.945 44.073 44.177 1 1
0.969 44.075 0.969 1.120 44.075 43.917 1 1
0.970 44.077 0.970 0.789 44.077 44.830 0 1
0.970 44.078 0.970 0.934 44.078 44.173 1 1
0.971 44.080 0.971 0.939 44.080 44.151 1 1
0.971 44.080 0.971 1.102 44.080 43.865 1 1
0.971 44.081 0.971 0.917 44.081 44.270 1 1
0.971 44.081 0.971 1.107 44.081 43.652 1 1
0.972 44.083 0.972 0.778 44.083 44.437 1 1
0.973 44.086 0.973 0.870 44.086 44.517 1 1
0.973 44.086 0.973 0.820 44.086 44.221 1 1
0.974 44.089 0.974 1.077 44.089 43.658 1 1
0.975 44.090 0.975 0.764 44.090 43.985 1 1
0.976 44.094 0.976 0.989 44.094 43.878 1 1
0.980 44.105 0.786 0.980 44.105 44.527 1 0
0.984 44.117 0.984 1.021 44.117 44.518 1 1
0.985 44.118 0.985 0.932 44.118 43.989 1 1
0.985 44.119 0.985 1.051 44.119 43.805 1 1
0.986 44.121 0.986 0.852 44.121 44.136 1 1
0.989 44.129 0.989 1.018 44.129 44.324 1 1
0.990 44.131 0.990 1.012 44.131 44.082 1 1
0.991 44.135 0.991 0.834 44.135 44.420 1 1
0.992 44.136 0.992 0.928 44.136 44.387 1 1
0.993 44.140 0.993 0.919 44.140 44.283 1 1
0.994 44.142 0.994 0.841 44.142 44.097 1 1
0.994 44.143 0.971 0.994 44.143 44.262 1 0
0.995 44.145 0.995 1.066 44.145 44.421 1 1
0.995 44.146 0.995 1.054 44.146 43.837 1 1
0.996 44.149 0.996 0.897 44.149 44.073 1 1
0.997 44.151 0.997 1.031 44.151 44.151 1 1
0.998 44.152 0.998 1.010 44.152 44.212 1 1
0.998 44.153 0.998 0.888 44.153 44.377 1 1
0.999 44.157 0.999 1.005 44.157 44.293 1 1
1.000 44.158 1.000 0.970 44.158 44.484 1 1
