# Error in z 0.04
# Error in mu 0.20 for Ia and 1.50 for nonaIa
# Type=1 for Ia, 0 otherwise
# cor_z=1 if z_obs correct host, 0 otherwise
# z_correct mu_t z_obs z_shifted mu_o type cor_z
0.015 34.154 0.015 0.015 34.154 34.079 1 1
0.018 34.475 0.018 0.018 34.475 34.535 1 1
0.018 34.496 0.018 0.018 34.496 34.633 1 1
0.018 34.543 0.018 0.018 34.543 34.343 1 1
0.018 34.544 0.018 0.018 34.544 34.581 1 1
0.019 34.649 0.019 0.019 34.649 34.753 1 1
0.020 34.789 0.020 0.020 34.789 34.844 1 1
0.022 34.943 0.022 0.022 34.943 34.941 1 1
0.022 34.961 0.022 0.022 34.961 34.704 1 1
0.023 35.089 0.023 0.023 35.089 35.132 1 1
0.024 35.133 0.024 0.024 35.133 35.444 1 1
0.030 35.664 0.030 0.030 35.664 36.075 1 1
0.031 35.722 0.031 0.031 35.722 35.349 1 1
0.032 35.779 0.032 0.032 35.779 36.099 1 1
0.033 35.896 0.033 0.033 35.896 36.174 1 1
0.035 35.987 0.035 0.035 35.987 36.161 1 1
0.035 36.008 0.035 0.035 36.008 36.049 1 1
0.035 36.026 0.035 0.035 36.026 35.997 1 1
0.037 36.156 0.037 0.037 36.156 36.266 1 1
0.038 36.162 0.038 0.038 36.162 36.153 1 1
0.038 36.174 0.038 0.038 36.174 36.083 1 1
0.040 36.302 0.040 0.040 36.302 36.265 1 1
0.040 36.317 0.040 0.040 36.317 36.816 1 1
0.040 36.329 0.040 0.040 36.329 36.400 1 1
0.042 36.399 0.042 0.042 36.399 36.300 1 1
0.043 36.447 0.043 0.043 36.447 36.512 1 1
0.043 36.464 0.043 0.043 36.464 36.385 1 1
0.043 36.482 0.043 0.043 36.482 36.515 1 1
0.045 36.564 0.045 0.045 36.564 36.633 1 1
0.045 36.566 0.045 0.045 36.566 36.463 1 1
0.046 36.600 0.046 0.046 36.600 36.778 1 1
0.047 36.645 0.047 0.047 36.645 37.241 1 1
0.048 36.702 0.048 0.048 36.702 36.666 1 1
0.048 36.735 0.048 0.048 36.735 36.719 1 1
0.049 36.749 0.049 0.049 36.749 36.921 1 1
0.049 36.769 0.049 0.049 36.769 36.675 1 1
0.049 36.771 0.049 0.049 36.771 36.854 1 1
0.050 36.807 0.050 0.050 36.807 37.009 1 1
0.051 36.836 0.051 0.051 36.836 36.659 1 1
0.051 36.853 0.051 0.051 36.853 36.975 1 1
0.052 36.900 0.052 0.052 36.900 36.844 1 1
0.052 36.913 0.052 0.052 36.913 36.782 1 1
0.053 36.917 0.053 0.053 36.917 36.937 1 1
0.053 36.926 0.053 0.053 36.926 36.666 1 1
0.053 36.940 0.053 0.053 36.940 36.831 1 1
0.053 36.943 0.053 0.053 36.943 37.113 1 1
0.054 36.990 0.054 0.054 36.990 37.193 1 1
0.059 37.197 0.059 0.059 37.197 37.331 1 1
0.060 37.214 0.060 0.060 37.214 36.991 1 1
0.062 37.298 0.062 0.062 37.298 37.224 1 1
0.063 37.328 0.063 0.063 37.328 37.808 1 1
0.065 37.384 0.065 0.065 37.384 37.457 1 1
0.065 37.413 0.065 0.065 37.413 37.737 1 1
0.067 37.464 0.067 0.067 37.464 37.532 1 1
0.068 37.484 0.068 0.068 37.484 37.335 1 1
0.069 37.531 0.069 0.069 37.531 37.548 1 1
0.070 37.552 0.070 0.070 37.552 37.557 1 1
0.072 37.617 0.072 0.072 37.617 37.609 1 1
0.074 37.692 0.074 0.074 37.692 37.786 1 1
0.074 37.696 0.074 0.074 37.696 37.830 1 1
0.075 37.729 0.075 0.075 37.729 37.683 1 1
0.075 37.735 0.075 0.075 37.735 38.005 1 1
0.076 37.752 0.076 0.076 37.752 37.627 1 1
0.076 37.766 0.076 0.076 37.766 37.643 1 1
0.077 37.769 0.077 0.077 37.769 37.470 1 1
0.078 37.815 0.078 0.078 37.815 37.736 1 1
0.080 37.857 0.080 0.080 37.857 37.864 1 1
0.080 37.860 0.080 0.080 37.860 37.462 1 1
0.080 37.868 0.080 0.080 37.868 38.042 1 1
0.081 37.890 0.081 0.081 37.890 37.759 1 1
0.084 37.982 0.084 0.084 37.982 38.030 1 1
0.086 38.024 0.086 0.086 38.024 38.237 1 1
0.087 38.057 0.087 0.087 38.057 38.385 1 1
0.087 38.065 0.087 0.087 38.065 38.158 1 1
0.089 38.104 0.089 0.089 38.104 37.937 1 1
0.089 38.109 0.089 0.089 38.109 37.827 1 1
0.093 38.223 0.093 0.093 38.223 38.343 1 1
0.093 38.226 0.093 0.093 38.226 38.174 1 1
0.094 38.251 0.094 0.094 38.251 38.211 1 1
0.095 38.261 0.095 0.095 38.261 38.123 1 1
0.095 38.276 0.095 0.095 38.276 38.219 1 1
0.095 38.278 0.095 0.095 38.278 38.334 1 1
0.097 38.316 0.097 0.097 38.316 38.458 1 1
0.098 38.331 0.098 0.098 38.331 38.312 1 1
0.098 38.334 0.098 0.098 38.334 38.389 1 1
0.099 38.356 0.099 0.099 38.356 38.461 1 1
0.099 38.362 0.099 0.099 38.362 38.327 1 1
0.099 38.365 0.099 0.099 38.365 38.211 1 1
0.099 38.370 0.099 0.099 38.370 38.346 1 1
0.100 38.386 0.100 0.005 38.386 37.829 1 1
0.103 38.443 0.103 0.216 38.443 38.222 1 1
0.103 38.458 0.103 0.162 38.458 38.189 1 1
0.104 38.475 0.104 0.125 38.475 38.278 1 1
0.104 38.476 0.104 0.071 38.476 38.343 1 1
0.105 38.509 0.105 0.022 38.509 38.570 1 1
0.108 38.560 0.108 0.218 38.560 38.583 1 1
0.108 38.567 0.108 0.252 38.567 38.540 1 1
0.108 38.568 0.108 0.095 38.568 38.523 1 1
0.113 38.662 0.113 0.325 38.662 38.254 1 1
0.115 38.700 0.115 0.171 38.700 38.871 1 1
0.115 38.716 0.115 0.029 38.716 38.840 1 1
0.118 38.775 0.118 0.096 38.775 38.865 1 1
0.119 38.783 0.119 0.211 38.783 38.770 1 1
0.121 38.824 0.121 0.328 38.824 38.784 1 1
0.122 38.857 0.122 0.293 38.857 38.459 1 1
0.123 38.865 0.123 0.243 38.865 38.791 1 1
0.123 38.874 0.123 0.111 38.874 39.018 1 1
0.124 38.877 0.124 0.356 38.877 38.522 1 1
0.127 38.940 0.127 0.247 38.940 39.033 1 1
0.128 38.969 0.128 0.222 38.969 39.169 1 1
0.129 38.978 0.129 0.329 38.978 38.764 1 1
0.130 39.003 0.130 0.146 39.003 38.815 1 1
0.131 39.017 0.131 0.156 39.017 38.936 1 1
0.132 39.033 0.132 0.317 39.033 39.196 1 1
0.132 39.033 0.132 0.082 39.033 39.357 1 1
0.132 39.033 0.132 0.126 39.033 39.230 1 1
0.138 39.130 0.138 0.181 39.130 39.150 1 1
0.138 39.135 0.138 0.090 39.135 39.151 1 1
0.138 39.136 0.138 0.190 39.136 38.828 1 1
0.140 39.178 0.140 0.225 39.178 39.232 1 1
0.141 39.183 0.141 0.132 39.183 39.290 1 1
0.141 39.193 0.141 0.184 39.193 39.041 1 1
0.143 39.219 0.143 0.143 39.219 39.272 1 1
0.146 39.263 0.146 0.182 39.263 39.026 1 1
0.147 39.287 0.182 0.147 39.287 43.273 0 0
0.150 39.327 0.150 0.236 39.327 39.468 1 1
0.152 39.372 0.152 0.103 39.372 39.223 1 1
0.153 39.379 0.153 0.230 39.379 39.198 1 1
0.154 39.393 0.154 0.204 39.393 39.339 1 1
0.154 39.404 0.114 0.154 39.404 39.103 1 0
0.155 39.406 0.155 0.226 39.406 39.443 1 1
0.155 39.411 0.155 0.099 39.411 39.516 1 1
0.155 39.413 0.155 0.077 39.413 39.395 1 1
0.156 39.435 0.156 0.167 39.435 39.245 1 1
0.158 39.454 0.158 0.231 39.454 39.564 1 1
0.158 39.457 0.158 0.205 39.457 39.342 1 1
0.160 39.481 0.160 0.050 39.481 39.676 1 1
0.160 39.486 0.160 0.113 39.486 39.319 1 1
0.161 39.497 0.161 0.364 39.497 39.757 1 1
0.161 39.498 0.161 0.076 39.498 39.643 1 1
0.161 39.506 0.161 0.014 39.506 39.436 1 1
0.162 39.517 0.162 0.038 39.517 39.831 1 1
0.164 39.541 0.164 0.279 39.541 39.804 1 1
0.165 39.558 0.165 0.167 39.558 39.213 1 1
0.165 39.562 0.165 0.152 39.562 39.264 1 1
0.165 39.563 0.165 0.144 39.563 39.740 1 1
0.166 39.574 0.166 0.374 39.574 39.556 1 1
0.169 39.621 0.169 0.208 39.621 39.442 1 1
0.170 39.631 0.170 0.223 39.631 39.476 1 1
0.174 39.695 0.174 0.018 39.695 39.680 1 1
0.176 39.718 0.176 0.277 39.718 42.266 0 1
0.178 39.738 0.178 0.265 39.738 39.617 1 1
0.178 39.738 0.178 0.127 39.738 39.774 1 1
0.179 39.755 0.179 0.304 39.755 40.112 1 1
0.179 39.759 0.179 0.263 39.759 39.641 1 1
0.180 39.768 0.180 0.081 39.768 40.026 1 1
0.180 39.775 0.180 0.414 39.775 39.869 1 1
0.184 39.818 0.184 0.242 39.818 39.929 1 1
0.186 39.844 0.186 0.102 39.844 40.001 1 1
0.187 39.859 0.187 0.254 39.859 40.112 1 1
0.188 39.876 0.188 0.072 39.876 39.810 1 1
0.190 39.901 0.190 0.256 39.901 41.327 0 1
0.190 39.905 0.190 0.272 39.905 39.808 1 1
0.193 39.936 0.193 0.223 39.936 40.032 1 1
0.193 39.938 0.193 0.081 39.938 39.985 1 1
0.195 39.958 0.171 0.195 39.958 39.877 1 0
0.195 39.963 0.195 0.360 39.963 42.963 0 1
0.196 39.970 0.196 0.176 39.970 39.761 1 1
0.200 40.022 0.200 0.207 40.022 40.200 1 1
0.200 40.028 0.200 0.067 40.028 40.067 1 1
0.200 40.030 0.200 0.194 40.030 40.136 1 1
0.202 40.053 0.270 0.202 40.053 39.781 1 0
0.204 40.074 0.204 0.292 40.074 40.011 1 1
0.204 40.075 0.204 0.256 40.075 40.320 1 1
0.205 40.079 0.205 0.277 40.079 44.296 0 1
0.206 40.099 0.206 0.144 40.099 39.983 1 1
0.207 40.106 0.207 0.202 40.106 40.267 1 1
0.207 40.112 0.207 0.233 40.112 39.950 1 1
0.208 40.114 0.208 0.330 40.114 39.887 1 1
0.209 40.127 0.209 0.293 40.127 39.860 1 1
0.210 40.145 0.210 0.319 40.145 40.275 1 1
0.211 40.155 0.211 0.158 40.155 40.279 1 1
0.212 40.170 0.212 0.393 40.170 40.130 1 1
0.213 40.173 0.213 0.391 40.173 40.180 1 1
0.213 40.179 0.235 0.213 40.179 40.077 1 0
0.214 40.185 0.214 0.098 40.185 44.307 0 1
0.217 40.221 0.217 0.089 40.221 40.049 1 1
0.217 40.228 0.217 0.147 40.228 40.336 1 1
0.218 40.238 0.218 0.134 40.238 40.198 1 1
0.220 40.253 0.220 0.417 40.253 40.000 1 1
0.223 40.289 0.223 0.256 40.289 40.051 1 1
0.225 40.307 0.225 0.230 40.307 40.307 1 1
0.225 40.313 0.225 0.291 40.313 40.368 1 1
0.229 40.352 0.229 0.324 40.352 40.200 1 1
0.229 40.358 0.229 0.278 40.358 40.242 1 1
0.232 40.383 0.232 0.039 40.383 40.440 1 1
0.232 40.388 0.232 0.405 40.388 40.536 1 1
0.234 40.408 0.234 0.150 40.408 40.639 1 1
0.235 40.419 0.235 0.386 40.419 40.190 1 1
0.237 40.440 0.237 0.114 40.440 40.541 1 1
0.237 40.440 0.237 0.227 40.440 40.725 1 1
0.238 40.446 0.238 0.183 40.446 40.199 1 1
0.240 40.468 0.240 0.256 40.468 40.346 1 1
0.240 40.472 0.240 0.126 40.472 40.484 1 1
0.241 40.484 0.241 0.356 40.484 40.565 1 1
0.242 40.491 0.413 0.242 40.491 40.367 1 0
0.243 40.504 0.243 0.375 40.504 40.637 1 1
0.244 40.507 0.244 0.237 40.507 40.258 1 1
0.246 40.529 0.246 0.021 40.529 40.482 1 1
0.247 40.538 0.247 0.335 40.538 40.261 1 1
0.248 40.552 0.248 0.460 40.552 40.562 1 1
0.248 40.554 0.248 0.128 40.554 40.224 1 1
0.250 40.569 0.250 0.275 40.569 40.922 1 1
0.250 40.574 0.454 0.250 40.574 40.980 1 0
0.252 40.587 0.252 0.425 40.587 40.748 1 1
0.252 40.590 0.321 0.252 40.590 40.741 1 0
0.253 40.602 0.253 0.080 40.602 40.284 1 1
0.254 40.607 0.254 0.267 40.607 40.643 1 1
0.255 40.618 0.255 0.199 40.618 40.901 1 1
0.255 40.621 0.255 0.255 40.621 43.468 0 1
0.258 40.644 0.258 0.291 40.644 40.212 1 1
0.259 40.653 0.259 0.458 40.653 43.637 0 1
0.259 40.658 0.259 0.421 40.658 40.544 1 1
0.260 40.665 0.205 0.260 40.665 40.710 1 0
0.260 40.666 0.260 0.185 40.666 40.692 1 1
0.260 40.669 0.260 0.289 40.669 40.780 1 1
0.261 40.680 0.261 0.289 40.680 40.874 1 1
0.262 40.681 0.262 0.282 40.681 40.543 1 1
0.262 40.689 0.262 0.381 40.689 40.622 1 1
0.264 40.707 0.264 0.334 40.707 40.839 1 1
0.265 40.716 0.265 0.338 40.716 40.525 1 1
0.266 40.719 0.266 0.293 40.719 40.691 1 1
0.266 40.725 0.266 0.288 40.725 40.502 1 1
0.267 40.732 0.292 0.267 40.732 40.706 1 0
0.267 40.735 0.267 0.431 40.735 40.507 1 1
0.269 40.746 0.269 0.357 40.746 40.534 1 1
0.270 40.759 0.270 0.247 40.759 40.616 1 1
0.270 40.760 0.270 0.275 40.760 41.000 1 1
0.271 40.765 0.271 0.408 40.765 40.638 1 1
0.271 40.766 0.271 0.340 40.766 41.116 1 1
0.273 40.785 0.273 0.258 40.785 40.623 1 1
0.274 40.794 0.274 0.267 40.794 40.922 1 1
0.274 40.796 0.274 0.167 40.796 41.058 1 1
0.276 40.812 0.276 0.054 40.812 40.771 1 1
0.276 40.815 0.276 0.181 40.815 40.963 1 1
0.277 40.823 0.277 0.295 40.823 40.686 1 1
0.278 40.833 0.278 0.238 40.833 40.407 1 1
0.278 40.833 0.278 0.200 40.833 40.431 1 1
0.279 40.838 0.279 0.238 40.838 40.592 1 1
0.279 40.839 0.279 0.369 40.839 40.962 1 1
0.282 40.869 0.415 0.282 40.869 40.678 1 0
0.283 40.878 0.283 0.266 40.878 42.201 0 1
0.284 40.886 0.284 0.339 40.886 40.862 1 1
0.284 40.887 0.284 0.158 40.887 40.771 1 1
0.284 40.887 0.284 0.017 40.887 40.933 1 1
0.285 40.894 0.285 0.201 40.894 43.895 0 1
0.285 40.898 0.285 0.215 40.898 40.780 1 1
0.285 40.898 0.287 0.285 40.898 41.035 1 0
0.286 40.901 0.286 0.260 40.901 40.962 1 1
0.286 40.901 0.286 0.422 40.901 40.956 1 1
0.287 40.908 0.287 0.431 40.908 40.695 1 1
0.287 40.912 0.287 0.424 40.912 41.027 1 1
0.288 40.919 0.288 0.288 40.919 40.881 1 1
0.288 40.920 0.281 0.288 40.920 41.221 1 0
0.288 40.922 0.288 0.461 40.922 41.163 1 1
0.288 40.923 0.288 0.133 40.923 41.093 1 1
0.290 40.939 0.290 0.178 40.939 40.842 1 1
0.291 40.942 0.291 0.206 40.942 40.953 1 1
0.291 40.945 0.291 0.310 40.945 41.036 1 1
0.291 40.948 0.291 0.075 40.948 41.087 1 1
0.292 40.958 0.292 0.513 40.958 41.005 1 1
0.293 40.960 0.293 0.411 40.960 41.182 1 1
0.293 40.961 0.293 0.220 40.961 41.091 1 1
0.300 41.020 0.300 0.427 41.020 41.072 1 1
0.300 41.021 0.300 0.369 41.021 41.181 1 1
0.301 41.031 0.301 0.197 41.031 41.079 1 1
0.303 41.050 0.303 0.462 41.050 40.679 1 1
0.304 41.053 0.304 0.429 41.053 40.995 1 1
0.305 41.062 0.305 0.316 41.062 41.158 1 1
0.306 41.073 0.306 0.124 41.073 40.921 1 1
0.308 41.085 0.308 0.305 41.085 41.036 1 1
0.308 41.091 0.308 0.317 41.091 41.241 1 1
0.308 41.092 0.308 0.232 41.092 41.296 1 1
0.309 41.098 0.309 0.378 41.098 40.882 1 1
0.309 41.098 0.309 0.245 41.098 41.310 1 1
0.309 41.099 0.309 0.346 41.099 41.121 1 1
0.310 41.106 0.310 0.365 41.106 41.173 1 1
0.314 41.139 0.314 0.359 41.139 41.027 1 1
0.315 41.144 0.315 0.318 41.144 40.969 1 1
0.316 41.153 0.316 0.387 41.153 41.007 1 1
0.318 41.168 0.318 0.361 41.168 41.166 1 1
0.322 41.202 0.375 0.322 41.202 41.395 1 0
0.322 41.203 0.322 0.314 41.203 40.967 1 1
0.322 41.203 0.005 0.322 41.203 41.286 1 0
0.323 41.207 0.323 0.377 41.207 41.181 1 1
0.323 41.211 0.323 0.295 41.211 41.503 1 1
0.323 41.211 0.323 0.345 41.211 41.075 1 1
0.324 41.212 0.220 0.324 41.212 40.855 1 0
0.324 41.213 0.324 0.358 41.213 43.295 0 1
0.325 41.222 0.325 0.363 41.222 41.178 1 1
0.325 41.224 0.325 0.375 41.224 41.298 1 1
0.326 41.231 0.326 0.366 41.231 40.957 1 1
0.328 41.245 0.328 0.398 41.245 41.493 1 1
0.330 41.263 0.466 0.330 41.263 41.281 1 0
0.331 41.272 0.331 0.435 41.272 41.325 1 1
0.332 41.280 0.332 0.194 41.280 41.256 1 1
0.334 41.293 0.334 0.430 41.293 41.195 1 1
0.335 41.296 0.265 0.335 41.296 41.043 1 0
0.337 41.312 0.337 0.401 41.312 41.190 1 1
0.339 41.329 0.339 0.355 41.329 40.983 1 1
0.339 41.330 0.339 0.250 41.330 41.287 1 1
0.342 41.349 0.342 0.434 41.349 41.200 1 1
0.342 41.352 0.342 0.245 41.352 41.258 1 1
0.343 41.362 0.343 0.430 41.362 41.021 1 1
0.346 41.381 0.346 0.306 41.381 41.309 1 1
0.347 41.384 0.347 0.260 41.384 40.960 1 1
0.348 41.397 0.348 0.377 41.397 41.193 1 1
0.349 41.402 0.349 0.301 41.402 41.759 1 1
0.350 41.408 0.350 0.472 41.408 41.355 1 1
0.350 41.413 0.350 0.262 41.413 41.603 1 1
0.351 41.416 0.351 0.251 41.416 41.629 1 1
0.352 41.422 0.352 0.441 41.422 41.449 1 1
0.352 41.424 0.352 0.329 41.424 41.452 1 1
0.353 41.431 0.353 0.224 41.431 41.427 1 1
0.354 41.435 0.354 0.269 41.435 41.257 1 1
0.355 41.446 0.355 0.431 41.446 41.675 1 1
0.358 41.464 0.358 0.340 41.464 41.468 1 1
0.358 41.466 0.358 0.391 41.466 41.651 1 1
0.359 41.471 0.359 0.340 41.471 41.665 1 1
0.359 41.473 0.359 0.436 41.473 41.808 1 1
0.360 41.479 0.360 0.521 41.479 41.774 1 1
0.360 41.480 0.360 0.446 41.480 41.110 1 1
0.362 41.494 0.362 0.333 41.494 41.484 1 1
0.363 41.503 0.363 0.215 41.503 41.362 1 1
0.363 41.505 0.363 0.318 41.505 41.354 1 1
0.364 41.506 0.364 0.220 41.506 41.443 1 1
0.366 41.521 0.366 0.357 41.521 41.356 1 1
0.366 41.522 0.366 0.338 41.522 41.866 1 1
0.367 41.528 0.367 0.611 41.528 41.557 1 1
0.367 41.528 0.367 0.286 41.528 41.179 1 1
0.368 41.535 0.386 0.368 41.535 43.510 0 0
0.370 41.551 0.370 0.310 41.551 41.907 1 1
0.371 41.560 0.371 0.297 41.560 41.679 1 1
0.374 41.576 0.374 0.456 41.576 41.558 1 1
0.374 41.580 0.374 0.521 41.580 41.869 1 1
0.376 41.589 0.376 0.297 41.589 45.612 0 1
0.377 41.596 0.377 0.244 41.596 41.458 1 1
0.377 41.600 0.377 0.380 41.600 41.431 1 1
0.378 41.602 0.378 0.179 41.602 42.217 1 1
0.378 41.605 0.378 0.425 41.605 41.206 1 1
0.378 41.607 0.290 0.378 41.607 41.520 1 0
0.379 41.613 0.379 0.454 41.613 41.663 1 1
0.380 41.616 0.380 0.491 41.616 41.557 1 1
0.380 41.617 0.380 0.395 41.617 41.570 1 1
0.380 41.618 0.380 0.394 41.618 41.434 1 1
0.380 41.620 0.380 0.551 41.620 41.657 1 1
0.384 41.646 0.384 0.545 41.646 41.397 1 1
0.385 41.650 0.385 0.467 41.650 41.790 1 1
0.385 41.652 0.385 0.354 41.652 41.582 1 1
0.386 41.656 0.386 0.249 41.656 41.837 1 1
0.386 41.660 0.386 0.435 41.660 41.660 1 1
0.386 41.660 0.386 0.487 41.660 41.762 1 1
0.386 41.661 0.386 0.452 41.661 41.832 1 1
0.388 41.674 0.388 0.475 41.674 41.502 1 1
0.388 41.675 0.388 0.426 41.675 41.790 1 1
0.392 41.700 0.392 0.451 41.700 41.578 1 1
0.393 41.704 0.393 0.460 41.704 41.893 1 1
0.394 41.708 0.394 0.409 41.708 41.690 1 1
0.395 41.716 0.395 0.209 41.716 41.482 1 1
0.396 41.726 0.396 0.287 41.726 41.895 1 1
0.397 41.729 0.397 0.400 41.729 41.921 1 1
0.400 41.750 0.400 0.367 41.750 41.879 1 1
0.400 41.752 0.400 0.443 41.752 41.721 1 1
0.401 41.755 0.401 0.390 41.755 41.663 1 1
0.401 41.758 0.401 0.367 41.758 41.413 1 1
0.401 41.758 0.374 0.401 41.758 43.007 0 0
0.402 41.764 0.402 0.480 41.764 41.818 1 1
0.403 41.771 0.403 0.440 41.771 41.909 1 1
0.403 41.772 0.403 0.455 41.772 41.835 1 1
0.405 41.783 0.405 0.376 41.783 41.739 1 1
0.405 41.784 0.405 0.462 41.784 42.163 1 1
0.406 41.785 0.406 0.396 41.785 41.658 1 1
0.410 41.811 0.410 0.208 41.811 42.128 1 1
0.411 41.817 0.411 0.601 41.817 41.897 1 1
0.412 41.827 0.412 0.495 41.827 41.395 1 1
0.413 41.829 0.413 0.590 41.829 42.068 1 1
0.413 41.829 0.413 0.394 41.829 42.235 1 1
0.414 41.839 0.414 0.332 41.839 41.591 1 1
0.415 41.843 0.415 0.526 41.843 41.703 1 1
0.417 41.855 0.417 0.427 41.855 41.652 1 1
0.420 41.875 0.420 0.106 41.875 41.742 1 1
0.421 41.881 0.421 0.332 41.881 41.698 1 1
0.421 41.881 0.421 0.458 41.881 41.981 1 1
0.423 41.892 0.423 0.379 41.892 41.830 1 1
0.424 41.896 0.424 0.427 41.896 42.034 1 1
0.424 41.897 0.424 0.323 41.897 41.632 1 1
0.426 41.909 0.426 0.211 41.909 41.563 1 1
0.426 41.911 0.426 0.628 41.911 41.807 1 1
0.426 41.912 0.426 0.238 41.912 42.127 1 1
0.428 41.924 0.428 0.435 41.924 41.860 1 1
0.429 41.932 0.429 0.386 41.932 41.826 1 1
0.430 41.936 0.312 0.430 41.936 42.233 0 0
0.430 41.937 0.430 0.428 41.937 41.844 1 1
0.431 41.938 0.431 0.362 41.938 45.637 0 1
0.431 41.943 0.431 0.440 41.943 46.098 0 1
0.432 41.946 0.392 0.432 41.946 42.001 1 0
0.434 41.958 0.434 0.531 41.958 41.671 1 1
0.434 41.962 0.434 0.457 41.962 41.962 1 1
0.434 41.962 0.434 0.476 41.962 43.480 0 1
0.435 41.962 0.435 0.403 41.962 42.050 1 1
0.439 41.991 0.439 0.542 41.991 42.151 1 1
0.440 41.995 0.440 0.450 41.995 42.010 1 1
0.441 41.998 0.441 0.503 41.998 41.712 1 1
0.443 42.009 0.443 0.525 42.009 42.096 1 1
0.444 42.020 0.444 0.342 42.020 42.306 1 1
0.445 42.021 0.445 0.474 42.021 45.108 0 1
0.445 42.023 0.445 0.298 42.023 41.970 1 1
0.445 42.023 0.445 0.545 42.023 42.439 1 1
0.446 42.031 0.446 0.498 42.031 41.727 1 1
0.447 42.037 0.447 0.624 42.037 42.189 1 1
0.449 42.049 0.449 0.335 42.049 42.138 1 1
0.451 42.058 0.451 0.225 42.058 41.782 1 1
0.451 42.060 0.451 0.213 42.060 42.429 1 1
0.452 42.061 0.452 0.503 42.061 42.068 1 1
0.452 42.063 0.452 0.513 42.063 42.249 1 1
0.452 42.065 0.452 0.381 42.065 41.900 1 1
0.453 42.069 0.453 0.618 42.069 41.997 1 1
0.455 42.081 0.455 0.403 42.081 42.152 1 1
0.456 42.087 0.456 0.550 42.087 42.106 1 1
0.457 42.092 0.457 0.468 42.092 42.010 1 1
0.457 42.094 0.457 0.600 42.094 42.164 1 1
0.458 42.095 0.458 0.530 42.095 42.091 1 1
0.458 42.100 0.458 0.367 42.100 42.332 1 1
0.459 42.101 0.459 0.458 42.101 42.296 1 1
0.459 42.101 0.459 0.617 42.101 42.186 1 1
0.460 42.108 0.460 0.481 42.108 42.444 1 1
0.463 42.126 0.463 0.576 42.126 42.257 1 1
0.465 42.137 0.465 0.211 42.137 42.200 1 1
0.465 42.140 0.465 0.519 42.140 42.075 1 1
0.468 42.151 0.468 0.606 42.151 42.286 1 1
0.469 42.162 0.469 0.360 42.162 42.217 1 1
0.472 42.175 0.472 0.319 42.175 42.206 1 1
0.474 42.186 0.421 0.474 42.186 41.889 1 0
0.477 42.205 0.477 0.364 42.205 41.935 1 1
0.478 42.209 0.662 0.478 42.209 42.112 1 0
0.480 42.221 0.480 0.618 42.221 42.470 1 1
0.481 42.226 0.481 0.387 42.226 41.994 1 1
0.482 42.228 0.482 0.393 42.228 42.443 1 1
0.483 42.235 0.483 0.482 42.235 42.408 1 1
0.485 42.244 0.485 0.614 42.244 41.874 1 1
0.485 42.246 0.485 0.505 42.246 41.907 1 1
0.485 42.246 0.485 0.589 42.246 43.139 0 1
0.486 42.250 0.486 0.303 42.250 41.025 0 1
0.486 42.253 0.486 0.524 42.253 46.452 0 1
0.487 42.255 0.487 0.482 42.255 42.634 1 1
0.489 42.269 0.489 0.567 42.269 42.569 1 1
0.490 42.272 0.490 0.653 42.272 42.471 1 1
0.490 42.272 0.490 0.589 42.272 41.853 1 1
0.490 42.272 0.571 0.490 42.272 42.121 1 0
0.491 42.280 0.402 0.491 42.280 42.205 1 0
0.494 42.293 0.494 0.490 42.293 42.443 1 1
0.495 42.298 0.495 0.642 42.298 42.261 1 1
0.495 42.298 0.495 0.418 42.298 42.213 1 1
0.495 42.300 0.495 0.571 42.300 42.281 1 1
0.495 42.300 0.495 0.420 42.300 42.091 1 1
0.495 42.301 0.495 0.397 42.301 42.364 1 1
0.495 42.301 0.495 0.598 42.301 42.346 1 1
0.496 42.306 0.496 0.590 42.306 42.340 1 1
0.497 42.310 0.497 0.615 42.310 42.141 1 1
0.497 42.311 0.497 0.365 42.311 41.745 1 1
0.498 42.314 0.498 0.494 42.314 42.169 1 1
0.499 42.318 0.499 0.587 42.318 42.310 1 1
0.499 42.318 0.499 0.530 42.318 42.552 1 1
0.500 42.326 0.500 0.545 42.326 42.381 1 1
0.501 42.329 0.501 0.377 42.329 42.648 1 1
0.503 42.342 0.503 0.617 42.342 42.466 1 1
0.504 42.345 0.504 0.654 42.345 42.527 1 1
0.504 42.345 0.504 0.543 42.345 42.483 1 1
0.504 42.346 0.504 0.563 42.346 42.093 1 1
0.505 42.350 0.505 0.407 42.350 42.575 1 1
0.505 42.353 0.505 0.531 42.353 42.629 1 1
0.506 42.354 0.506 0.507 42.354 42.232 1 1
0.506 42.354 0.506 0.594 42.354 42.187 1 1
0.506 42.357 0.506 0.480 42.357 42.257 1 1
0.507 42.363 0.507 0.492 42.363 42.763 1 1
0.508 42.365 0.508 0.393 42.365 42.086 1 1
0.511 42.380 0.511 0.524 42.380 42.517 1 1
0.512 42.384 0.512 0.491 42.384 42.113 1 1
0.512 42.385 0.641 0.512 42.385 42.635 1 0
0.512 42.389 0.512 0.572 42.389 42.401 1 1
0.515 42.401 0.515 0.511 42.401 42.384 1 1
0.516 42.408 0.516 0.294 42.408 42.328 1 1
0.517 42.414 0.517 0.427 42.414 42.427 1 1
0.523 42.440 0.523 0.519 42.440 42.499 1 1
0.523 42.443 0.523 0.657 42.443 42.216 1 1
0.525 42.450 0.525 0.554 42.450 42.518 1 1
0.525 42.451 0.525 0.500 42.451 42.335 1 1
0.525 42.451 0.525 0.466 42.451 42.494 1 1
0.526 42.455 0.526 0.748 42.455 42.455 1 1
0.526 42.455 0.526 0.556 42.455 42.481 1 1
0.526 42.458 0.526 0.625 42.458 42.204 1 1
0.527 42.460 0.527 0.525 42.460 42.451 1 1
0.530 42.475 0.530 0.628 42.475 42.377 1 1
0.530 42.475 0.530 0.474 42.475 42.594 1 1
0.530 42.479 0.530 0.467 42.479 42.191 1 1
0.530 42.479 0.530 0.524 42.479 42.630 1 1
0.531 42.480 0.531 0.448 42.480 42.530 1 1
0.531 42.480 0.531 0.639 42.480 42.271 1 1
0.532 42.488 0.532 0.585 42.488 42.754 1 1
0.533 42.489 0.533 0.556 42.489 42.682 1 1
0.534 42.496 0.534 0.550 42.496 42.262 1 1
0.534 42.498 0.534 0.522 42.498 42.165 1 1
0.534 42.499 0.534 0.456 42.499 42.465 1 1
0.535 42.500 0.535 0.808 42.500 42.944 1 1
0.535 42.503 0.535 0.592 42.503 42.320 1 1
0.537 42.513 0.537 0.318 42.513 44.247 0 1
0.537 42.513 0.537 0.410 42.513 46.229 0 1
0.539 42.523 0.539 0.570 42.523 42.442 1 1
0.540 42.528 0.540 0.511 42.528 42.812 1 1
0.541 42.530 0.541 0.583 42.530 42.488 1 1
0.543 42.538 0.543 0.661 42.538 42.466 1 1
0.543 42.539 0.543 0.531 42.539 42.670 1 1
0.544 42.546 0.544 0.714 42.546 42.242 1 1
0.545 42.549 0.539 0.545 42.549 42.919 1 0
0.547 42.557 0.547 0.667 42.557 42.468 1 1
0.547 42.560 0.547 0.458 42.560 42.681 1 1
0.548 42.565 0.548 0.456 42.565 42.707 1 1
0.550 42.573 0.550 0.540 42.573 44.650 0 1
0.552 42.585 0.534 0.552 42.585 42.591 1 0
0.553 42.590 0.553 0.488 42.590 42.854 1 1
0.554 42.592 0.554 0.630 42.592 42.753 1 1
0.554 42.594 0.554 0.471 42.594 42.470 1 1
0.555 42.595 0.555 0.475 42.595 42.456 1 1
0.556 42.601 0.556 0.332 42.601 42.568 1 1
0.556 42.603 0.556 0.487 42.603 42.648 1 1
0.558 42.611 0.558 0.545 42.611 42.628 1 1
0.563 42.633 0.524 0.563 42.633 42.427 1 0
0.564 42.641 0.564 0.299 42.641 42.586 1 1
0.565 42.646 0.565 0.588 42.646 42.479 1 1
0.570 42.668 0.570 0.518 42.668 42.499 1 1
0.570 42.669 0.570 0.644 42.669 42.469 1 1
0.572 42.674 0.572 0.741 42.674 42.628 1 1
0.574 42.684 0.675 0.574 42.684 42.396 1 0
0.574 42.687 0.574 0.558 42.687 42.663 1 1
0.575 42.688 0.575 0.595 42.688 42.866 1 1
0.575 42.689 0.575 0.576 42.689 42.741 1 1
0.577 42.698 0.666 0.577 42.698 42.500 1 0
0.578 42.703 0.578 0.610 42.703 42.937 1 1
0.579 42.710 0.579 0.670 42.710 42.884 1 1
0.580 42.711 0.580 0.570 42.711 42.680 1 1
0.581 42.719 0.581 0.416 42.719 42.769 1 1
0.582 42.721 0.582 0.675 42.721 42.622 1 1
0.586 42.739 0.586 0.416 42.739 43.043 1 1
0.586 42.740 0.586 0.612 42.740 42.549 1 1
0.588 42.748 0.588 0.530 42.748 42.995 1 1
0.589 42.752 0.589 0.561 42.752 42.575 1 1
0.589 42.753 0.430 0.589 42.753 42.448 1 0
0.591 42.763 0.591 0.629 42.763 44.854 0 1
0.592 42.767 0.592 0.700 42.767 42.462 1 1
0.592 42.768 0.592 0.661 42.768 43.141 1 1
0.592 42.768 0.592 0.545 42.768 42.991 1 1
0.594 42.775 0.594 0.635 42.775 42.567 1 1
0.595 42.781 0.612 0.595 42.781 42.750 1 0
0.596 42.782 0.596 0.607 42.782 42.953 1 1
0.597 42.787 0.401 0.597 42.787 42.791 1 0
0.597 42.787 0.597 0.566 42.787 42.825 1 1
0.600 42.802 0.600 0.660 42.802 42.454 1 1
0.600 42.803 0.600 0.675 42.803 42.640 1 1
0.600 42.803 0.578 0.600 42.803 42.519 1 0
0.601 42.804 0.601 0.558 42.804 42.645 1 1
0.601 42.804 0.601 0.639 42.804 42.868 1 1
0.601 42.805 0.601 0.452 42.805 42.818 1 1
0.601 42.805 0.601 0.516 42.805 42.770 1 1
0.602 42.810 0.558 0.602 42.810 42.973 1 0
0.602 42.810 0.602 0.639 42.810 43.099 1 1
0.603 42.815 0.603 0.554 42.815 43.149 1 1
0.603 42.816 0.603 0.595 42.816 42.457 1 1
0.607 42.833 0.607 0.525 42.833 42.660 1 1
0.608 42.835 0.608 0.660 42.835 42.745 1 1
0.608 42.836 0.608 0.410 42.836 42.938 1 1
0.609 42.840 0.609 0.627 42.840 43.179 1 1
0.610 42.843 0.610 0.457 42.843 42.895 1 1
0.612 42.853 0.612 0.560 42.853 42.417 1 1
0.612 42.856 0.612 0.801 42.856 43.061 1 1
0.613 42.859 0.613 0.582 42.859 43.023 1 1
0.614 42.863 0.614 0.643 42.863 42.998 1 1
0.615 42.866 0.615 0.757 42.866 42.800 1 1
0.616 42.871 0.616 0.548 42.871 42.964 1 1
0.616 42.871 0.616 0.791 42.871 43.485 1 1
0.616 42.872 0.616 0.387 42.872 42.570 1 1
0.616 42.873 0.616 0.568 42.873 42.703 1 1
0.618 42.877 0.618 0.532 42.877 42.760 1 1
0.618 42.881 0.618 0.719 42.881 42.705 1 1
0.623 42.899 0.623 0.666 42.899 43.012 1 1
0.623 42.899 0.623 0.740 42.899 42.707 1 1
0.624 42.906 0.624 0.745 42.906 43.250 1 1
0.625 42.907 0.625 0.584 42.907 42.546 1 1
0.626 42.915 0.626 0.720 42.915 42.975 1 1
0.628 42.922 0.628 0.696 42.922 43.031 1 1
0.628 42.923 0.628 0.722 42.923 43.127 1 1
0.629 42.925 0.629 0.556 42.925 42.810 1 1
0.630 42.928 0.630 0.674 42.928 43.088 1 1
0.630 42.929 0.630 0.656 42.929 42.917 1 1
0.630 42.930 0.630 0.666 42.930 43.706 0 1
0.631 42.933 0.631 0.719 42.933 43.309 1 1
0.631 42.933 0.631 0.650 42.933 43.008 1 1
0.633 42.942 0.633 0.757 42.942 42.932 1 1
0.633 42.944 0.633 0.691 42.944 42.941 1 1
0.635 42.951 0.635 0.564 42.951 42.896 1 1
0.639 42.966 0.639 0.862 42.966 43.113 1 1
0.640 42.973 0.640 0.489 42.973 42.799 1 1
0.641 42.974 0.641 0.675 42.974 42.757 1 1
0.641 42.976 0.641 0.686 42.976 43.306 1 1
0.641 42.977 0.641 0.409 42.977 43.148 1 1
0.643 42.982 0.643 0.657 42.982 43.061 1 1
0.644 42.987 0.644 0.561 42.987 46.038 0 1
0.644 42.988 0.644 0.731 42.988 43.206 1 1
0.645 42.991 0.592 0.645 42.991 42.995 1 0
0.645 42.992 0.645 0.690 42.992 42.758 1 1
0.645 42.993 0.645 0.723 42.993 42.898 1 1
0.646 42.996 0.646 0.477 42.996 42.877 1 1
0.649 43.008 0.649 0.655 43.008 42.994 1 1
0.649 43.009 0.654 0.649 43.009 42.994 1 0
0.650 43.010 0.650 0.537 43.010 43.012 1 1
0.650 43.011 0.650 0.778 43.011 42.946 1 1
0.651 43.015 0.651 0.607 43.015 43.043 1 1
0.651 43.017 0.651 0.609 43.017 42.950 1 1
0.655 43.033 0.655 0.630 43.033 42.638 1 1
0.655 43.033 0.655 0.470 43.033 42.991 1 1
0.657 43.042 0.657 0.711 43.042 43.049 1 1
0.658 43.045 0.658 0.689 43.045 42.972 1 1
0.661 43.056 0.661 0.674 43.056 42.985 1 1
0.661 43.057 0.766 0.661 43.057 43.054 1 0
0.661 43.057 0.661 0.712 43.057 43.201 1 1
0.662 43.060 0.662 0.578 43.060 43.231 1 1
0.662 43.063 0.662 0.687 43.063 43.379 1 1
0.663 43.064 0.663 0.674 43.064 42.666 1 1
0.664 43.067 0.664 0.494 43.067 42.987 1 1
0.664 43.068 0.664 0.736 43.068 43.080 1 1
0.664 43.070 0.664 0.579 43.070 43.014 1 1
0.666 43.075 0.666 0.451 43.075 42.836 1 1
0.666 43.075 0.602 0.666 43.075 42.652 1 0
0.667 43.080 0.667 0.650 43.080 43.109 1 1
0.667 43.080 0.667 0.765 43.080 43.278 1 1
0.670 43.092 0.670 0.671 43.092 43.054 1 1
0.671 43.096 0.671 0.441 43.096 42.829 1 1
0.672 43.099 0.672 0.727 43.099 43.136 1 1
0.672 43.099 0.672 0.516 43.099 43.140 1 1
0.673 43.103 0.673 0.953 43.103 43.205 1 1
0.674 43.109 0.674 0.596 43.109 43.216 1 1
0.675 43.111 0.675 0.556 43.111 43.167 1 1
0.676 43.116 0.676 0.648 43.116 43.191 1 1
0.676 43.118 0.676 0.846 43.118 43.032 1 1
0.677 43.119 0.677 0.628 43.119 43.207 1 1
0.677 43.119 0.677 0.712 43.119 43.355 1 1
0.677 43.120 0.677 0.779 43.120 42.957 1 1
0.678 43.122 0.678 0.556 43.122 42.888 1 1
0.679 43.130 0.859 0.679 43.130 42.801 1 0
0.680 43.132 0.680 0.832 43.132 43.297 1 1
0.681 43.136 0.681 0.692 43.136 43.435 1 1
0.681 43.137 0.681 0.586 43.137 43.041 1 1
0.685 43.152 0.685 0.638 43.152 43.042 1 1
0.686 43.155 0.686 0.640 43.155 43.346 1 1
0.686 43.155 0.686 0.531 43.155 43.134 1 1
0.686 43.156 0.635 0.686 43.156 43.140 1 0
0.687 43.158 0.687 0.808 43.158 43.033 1 1
0.688 43.161 0.688 0.641 43.161 43.124 1 1
0.689 43.166 0.689 0.762 43.166 43.275 1 1
0.689 43.168 0.689 0.767 43.168 43.002 1 1
0.690 43.169 0.690 0.576 43.169 43.279 1 1
0.691 43.174 0.691 0.724 43.174 43.028 1 1
0.691 43.175 0.691 0.750 43.175 43.332 1 1
0.692 43.177 0.692 0.697 43.177 42.973 1 1
0.692 43.177 0.692 0.530 43.177 43.083 1 1
0.692 43.178 0.692 0.739 43.178 41.243 0 1
0.695 43.190 0.695 0.651 43.190 43.183 1 1
0.697 43.199 0.697 0.768 43.199 43.610 1 1
0.698 43.201 0.698 0.677 43.201 43.068 1 1
0.699 43.203 0.699 0.796 43.203 43.399 1 1
0.700 43.208 0.700 0.857 43.208 43.231 1 1
0.700 43.209 0.700 0.679 43.209 43.233 1 1
0.701 43.212 0.701 0.770 43.212 43.173 1 1
0.702 43.216 0.689 0.702 43.216 43.366 1 0
0.702 43.217 0.702 0.604 43.217 43.086 1 1
0.704 43.223 0.704 0.751 43.223 43.009 1 1
0.704 43.224 0.704 0.797 43.224 43.150 1 1
0.705 43.229 0.705 0.884 43.229 43.421 1 1
0.706 43.230 0.706 0.733 43.230 43.151 1 1
0.706 43.230 0.706 0.877 43.230 43.055 1 1
0.706 43.232 0.706 0.738 43.232 43.155 1 1
0.707 43.235 0.707 0.674 43.235 43.503 1 1
0.709 43.242 0.709 0.781 43.242 43.268 1 1
0.709 43.242 0.709 0.664 43.242 43.251 1 1
0.711 43.250 0.711 0.745 43.250 43.665 1 1
0.711 43.251 0.711 0.614 43.251 43.278 1 1
0.711 43.251 0.711 0.764 43.251 42.996 1 1
0.712 43.252 0.712 0.647 43.252 43.056 1 1
0.712 43.253 0.712 0.673 43.253 43.262 1 1
0.713 43.255 0.713 0.674 43.255 43.144 1 1
0.714 43.262 0.714 0.749 43.262 43.278 1 1
0.715 43.264 0.715 0.860 43.264 43.445 1 1
0.715 43.265 0.715 0.544 43.265 43.227 1 1
0.717 43.271 0.717 0.846 43.271 43.515 1 1
0.718 43.275 0.718 0.724 43.275 43.006 1 1
0.718 43.275 0.718 0.708 43.275 43.270 1 1
0.718 43.277 0.718 0.565 43.277 43.093 1 1
0.719 43.279 0.719 0.621 43.279 43.155 1 1
0.719 43.279 0.719 0.711 43.279 44.222 0 1
0.719 43.281 0.719 0.744 43.281 43.019 1 1
0.723 43.294 0.723 0.699 43.294 43.387 1 1
0.724 43.297 0.724 0.695 43.297 43.072 1 1
0.725 43.300 0.725 0.810 43.300 43.089 1 1
0.727 43.307 0.727 0.787 43.307 43.666 1 1
0.729 43.315 0.729 0.709 43.315 43.150 1 1
0.731 43.323 0.731 0.938 43.323 43.108 1 1
0.731 43.324 0.731 0.916 43.324 43.431 1 1
0.731 43.324 0.731 0.767 43.324 43.571 1 1
0.731 43.324 0.731 0.593 43.324 43.278 1 1
0.732 43.326 0.732 0.805 43.326 43.611 1 1
0.732 43.328 0.732 0.718 43.328 43.291 1 1
0.733 43.329 0.733 0.922 43.329 46.500 0 1
0.734 43.332 0.734 0.895 43.332 43.469 1 1
0.734 43.333 0.734 0.720 43.333 43.381 1 1
0.736 43.340 0.736 0.901 43.340 43.479 1 1
0.736 43.341 0.736 0.728 43.341 43.432 1 1
0.737 43.345 0.737 0.868 43.345 43.313 1 1
0.737 43.345 0.737 0.560 43.345 43.451 1 1
0.738 43.349 0.738 0.829 43.349 43.706 1 1
0.738 43.350 0.738 0.771 43.350 43.487 1 1
0.739 43.351 0.739 0.684 43.351 43.835 1 1
0.739 43.352 0.739 0.795 43.352 43.188 1 1
0.739 43.353 0.739 0.822 43.353 43.613 1 1
0.739 43.354 0.704 0.739 43.354 43.096 1 0
0.740 43.354 0.740 0.752 43.354 43.253 1 1
0.741 43.359 0.741 0.623 43.359 47.040 0 1
0.741 43.360 0.741 0.730 43.360 43.251 1 1
0.742 43.364 0.742 0.560 43.364 43.325 1 1
0.742 43.364 0.742 0.533 43.364 43.467 1 1
0.744 43.371 0.744 0.929 43.371 43.537 1 1
0.747 43.381 0.747 0.722 43.381 43.015 1 1
0.748 43.385 0.748 0.664 43.385 43.437 1 1
0.749 43.389 0.749 0.653 43.389 43.442 1 1
0.753 43.400 0.753 0.724 43.400 43.888 1 1
0.754 43.406 0.754 0.672 43.406 43.454 1 1
0.755 43.408 0.755 0.753 43.408 43.374 1 1
0.756 43.413 0.756 0.798 43.413 43.460 1 1
0.757 43.415 0.757 0.758 43.415 43.492 1 1
0.757 43.416 0.665 0.757 43.416 43.307 1 0
0.760 43.428 0.760 0.787 43.428 43.590 1 1
0.760 43.428 0.760 0.797 43.428 43.170 1 1
0.762 43.434 0.762 0.741 43.434 43.496 1 1
0.763 43.435 0.763 0.872 43.435 43.494 1 1
0.763 43.435 0.763 0.713 43.435 43.491 1 1
0.763 43.437 0.763 0.755 43.437 43.476 1 1
0.767 43.452 0.767 0.778 43.452 43.408 1 1
0.768 43.453 0.768 0.859 43.453 43.474 1 1
0.768 43.455 0.768 0.705 43.455 43.393 1 1
0.769 43.459 0.769 0.834 43.459 43.468 1 1
0.770 43.462 0.738 0.770 43.462 43.429 1 0
0.770 43.462 0.770 0.703 43.462 43.723 1 1
0.771 43.463 0.771 0.939 43.463 43.648 1 1
0.772 43.467 0.772 0.611 43.467 42.975 1 1
0.772 43.470 0.772 0.902 43.470 43.455 1 1
0.773 43.470 0.773 0.905 43.470 43.750 1 1
0.773 43.472 0.773 0.866 43.472 43.610 1 1
0.774 43.473 0.774 1.008 43.473 43.223 1 1
0.774 43.475 0.774 0.761 43.475 43.485 1 1
0.775 43.477 0.775 0.880 43.477 43.410 1 1
0.775 43.477 0.775 0.885 43.477 42.988 1 1
0.775 43.478 0.775 0.729 43.478 43.703 1 1
0.775 43.480 0.775 0.780 43.480 43.419 1 1
0.776 43.481 0.776 0.708 43.481 43.386 1 1
0.776 43.483 0.776 0.913 43.483 43.782 1 1
0.776 43.483 0.776 0.773 43.483 43.684 1 1
0.777 43.486 0.777 0.721 43.486 43.364 1 1
0.778 43.488 0.778 0.918 43.488 43.359 1 1
0.778 43.488 0.778 0.851 43.488 43.427 1 1
0.779 43.491 0.779 0.732 43.491 43.168 1 1
0.779 43.491 0.779 0.751 43.491 43.095 1 1
0.779 43.492 0.779 0.802 43.492 43.436 1 1
0.779 43.493 0.779 0.729 43.493 43.620 1 1
0.780 43.495 0.780 0.894 43.495 43.573 1 1
0.780 43.496 0.780 0.543 43.496 43.525 1 1
0.783 43.506 0.783 0.692 43.506 43.417 1 1
0.784 43.509 0.784 0.773 43.509 43.170 1 1
0.785 43.512 0.785 0.784 43.512 43.189 1 1
0.786 43.515 0.786 0.747 43.515 43.291 1 1
0.786 43.517 0.661 0.786 43.517 43.176 1 0
0.787 43.518 0.787 0.708 43.518 43.373 1 1
0.787 43.520 0.787 0.788 43.520 43.333 1 1
0.787 43.520 0.787 0.857 43.520 43.267 1 1
0.789 43.527 0.772 0.789 43.527 44.004 1 0
0.795 43.545 0.795 0.656 43.545 43.733 1 1
0.798 43.555 0.798 0.732 43.555 43.547 1 1
0.798 43.555 0.798 0.873 43.555 43.699 1 1
0.799 43.559 0.799 0.871 43.559 43.685 1 1
0.802 43.570 0.802 0.788 43.570 44.098 1 1
0.803 43.572 0.803 0.858 43.572 43.560 1 1
0.804 43.575 0.646 0.804 43.575 43.790 1 0
0.804 43.575 0.633 0.804 43.575 43.611 1 0
0.805 43.580 0.805 0.810 43.580 43.811 1 1
0.807 43.585 0.807 0.809 43.585 43.685 1 1
0.807 43.586 0.807 0.844 43.586 43.690 1 1
0.807 43.586 0.807 0.845 43.586 43.421 1 1
0.807 43.587 0.807 0.871 43.587 43.543 1 1
0.810 43.595 0.810 0.771 43.595 43.410 1 1
0.810 43.597 0.810 0.968 43.597 43.375 1 1
0.811 43.599 0.811 0.765 43.599 43.726 1 1
0.812 43.601 0.812 0.797 43.601 43.521 1 1
0.813 43.607 0.813 0.992 43.607 43.666 1 1
0.816 43.616 0.816 0.773 43.616 43.572 1 1
0.817 43.619 0.817 0.958 43.619 43.737 1 1
0.818 43.622 0.818 0.852 43.622 43.620 1 1
0.818 43.624 0.818 0.718 43.624 43.734 1 1
0.818 43.624 0.818 0.598 43.624 43.692 1 1
0.819 43.624 0.819 0.782 43.624 44.515 0 1
0.821 43.631 0.821 1.095 43.631 43.761 1 1
0.821 43.631 0.821 0.749 43.631 43.674 1 1
0.821 43.632 0.821 0.803 43.632 43.740 1 1
0.821 43.633 0.821 0.690 43.633 43.834 1 1
0.822 43.634 0.822 0.835 43.634 43.580 1 1
0.822 43.635 0.822 1.064 43.635 43.601 1 1
0.822 43.635 0.822 0.929 43.635 43.840 1 1
0.822 43.635 0.822 0.813 43.635 43.447 1 1
0.823 43.638 0.823 0.917 43.638 43.481 1 1
0.824 43.643 0.824 0.700 43.643 47.194 0 1
0.828 43.654 0.828 0.943 43.654 43.996 1 1
0.828 43.655 0.828 0.747 43.655 43.772 1 1
0.830 43.662 0.830 0.848 43.662 43.497 1 1
0.830 43.662 0.830 0.731 43.662 43.707 1 1
0.831 43.665 0.831 0.788 43.665 43.691 1 1
0.832 43.668 0.832 0.749 43.668 43.294 1 1
0.832 43.669 0.832 0.834 43.669 43.870 1 1
0.833 43.669 0.833 0.887 43.669 43.856 1 1
0.833 43.670 0.833 0.779 43.670 43.769 1 1
0.835 43.678 0.715 0.835 43.678 43.724 1 0
0.836 43.679 0.836 0.899 43.679 43.630 1 1
0.837 43.682 0.922 0.837 43.682 43.941 1 0
0.842 43.701 0.842 0.698 43.701 43.429 1 1
0.846 43.711 0.846 0.777 43.711 43.415 1 1
0.846 43.712 0.846 0.937 43.712 43.946 1 1
0.847 43.715 0.847 0.896 43.715 43.682 1 1
0.847 43.716 0.847 0.820 43.716 43.544 1 1
0.847 43.716 0.847 0.788 43.716 43.690 1 1
0.847 43.716 0.847 0.826 43.716 43.933 1 1
0.850 43.725 0.850 0.777 43.725 43.830 1 1
0.850 43.725 0.850 0.779 43.725 43.512 1 1
0.851 43.727 0.851 0.785 43.727 43.776 1 1
0.851 43.729 0.851 1.017 43.729 43.561 1 1
0.853 43.734 0.853 0.778 43.734 43.620 1 1
0.854 43.737 0.854 0.839 43.737 43.974 1 1
0.854 43.737 0.854 0.793 43.737 43.512 1 1
0.857 43.747 0.857 1.073 43.747 45.215 0 1
0.860 43.756 0.860 0.880 43.756 43.881 1 1
0.861 43.759 0.861 0.898 43.759 43.783 1 1
0.861 43.759 0.861 0.910 43.759 43.661 1 1
0.861 43.760 0.861 0.946 43.760 43.970 1 1
0.864 43.770 0.864 0.831 43.770 43.799 1 1
0.865 43.770 0.865 0.925 43.770 43.983 1 1
0.867 43.778 0.867 0.889 43.778 44.138 1 1
0.870 43.786 0.870 0.887 43.786 43.358 1 1
0.870 43.787 0.870 0.824 43.787 43.595 1 1
0.871 43.789 0.831 0.871 43.789 43.586 1 0
0.871 43.789 0.871 0.831 43.789 43.862 1 1
0.874 43.798 0.874 0.935 43.798 43.573 1 1
0.876 43.803 0.876 1.142 43.803 43.658 1 1
0.877 43.809 0.877 0.840 43.809 43.840 1 1
0.879 43.815 0.879 0.802 43.815 43.807 1 1
0.880 43.817 0.880 0.832 43.817 43.558 1 1
0.882 43.822 0.881 0.882 43.822 43.960 1 0
0.882 43.822 0.882 0.641 43.822 43.886 1 1
0.883 43.826 0.883 0.761 43.826 44.013 1 1
0.883 43.827 0.883 0.848 43.827 43.639 1 1
0.885 43.833 0.885 0.993 43.833 43.654 1 1
0.886 43.834 0.886 0.976 43.834 43.699 1 1
0.886 43.834 0.886 0.928 43.834 43.380 1 1
0.887 43.837 0.887 0.882 43.837 43.937 1 1
0.887 43.838 0.887 0.797 43.838 43.754 1 1
0.890 43.846 0.890 0.640 43.846 43.706 1 1
0.891 43.851 0.891 0.974 43.851 43.707 1 1
0.892 43.852 0.892 0.934 43.852 43.893 1 1
0.894 43.859 0.894 1.062 43.859 43.913 1 1
0.894 43.859 0.894 0.828 43.859 43.827 1 1
0.894 43.859 0.894 0.980 43.859 43.579 1 1
0.895 43.861 0.895 0.999 43.861 43.859 1 1
0.895 43.863 0.849 0.895 43.863 43.826 1 0
0.895 43.863 0.895 0.812 43.863 43.935 1 1
0.896 43.864 0.896 0.786 43.864 44.245 1 1
0.896 43.864 0.896 0.714 43.864 44.268 1 1
0.897 43.869 0.897 0.830 43.869 43.760 1 1
0.898 43.872 0.898 1.048 43.872 44.269 1 1
0.899 43.874 0.899 0.929 43.874 44.103 1 1
0.900 43.876 0.900 0.869 43.876 44.047 1 1
0.900 43.876 0.900 0.980 43.876 43.567 1 1
0.900 43.877 0.900 0.941 43.877 44.008 1 1
0.900 43.878 0.900 0.759 43.878 43.792 1 1
0.901 43.879 0.864 0.901 43.879 43.777 1 0
0.901 43.881 0.901 0.872 43.881 43.783 1 1
0.903 43.885 0.903 0.764 43.885 44.268 1 1
0.906 43.894 0.906 0.995 43.894 43.874 1 1
0.906 43.895 0.906 0.928 43.895 43.974 1 1
0.907 43.897 0.907 0.880 43.897 43.920 1 1
0.910 43.905 0.910 0.852 43.905 44.053 1 1
0.910 43.906 0.910 0.907 43.906 44.210 1 1
0.910 43.907 0.911 0.910 43.907 43.540 1 0
0.910 43.908 0.910 0.816 43.908 43.877 1 1
0.913 43.916 0.913 1.026 43.916 44.339 1 1
0.914 43.917 0.914 1.081 43.917 43.608 1 1
0.915 43.920 0.915 1.008 43.920 43.982 1 1
0.915 43.921 0.915 0.984 43.921 43.769 1 1
0.917 43.926 0.917 0.671 43.926 43.883 1 1
0.919 43.932 0.919 0.789 43.932 44.749 0 1
0.919 43.933 0.919 0.919 43.933 44.006 1 1
0.921 43.940 0.921 0.942 43.940 43.841 1 1
0.921 43.940 0.921 0.864 43.940 43.714 1 1
0.922 43.940 0.922 0.871 43.940 44.064 1 1
0.922 43.942 0.922 0.957 43.942 44.046 1 1
0.923 43.944 0.923 0.980 43.944 44.031 1 1
0.923 43.944 0.923 0.854 43.944 44.034 1 1
0.923 43.944 0.923 0.963 43.944 44.067 1 1
0.925 43.949 0.925 0.812 43.949 43.670 1 1
0.926 43.954 0.926 0.980 43.954 43.581 1 1
0.927 43.957 0.927 0.870 43.957 44.051 1 1
0.928 43.959 0.928 0.762 43.959 43.958 1 1
0.928 43.959 0.928 1.016 43.959 43.907 1 1
0.928 43.960 0.877 0.928 43.960 43.814 1 0
0.929 43.962 0.929 0.947 43.962 43.937 1 1
0.930 43.965 0.930 0.967 43.965 43.843 1 1
0.931 43.968 0.931 0.874 43.968 43.781 1 1
0.932 43.969 0.932 1.039 43.969 43.945 1 1
0.932 43.971 0.932 0.851 43.971 44.070 1 1
0.933 43.972 0.933 0.853 43.972 44.278 1 1
0.933 43.972 0.933 1.176 43.972 44.094 1 1
0.933 43.973 0.933 1.077 43.973 43.738 1 1
0.933 43.973 0.933 1.047 43.973 44.141 1 1
0.934 43.977 0.934 0.897 43.977 44.001 1 1
0.936 43.980 0.936 0.788 43.980 43.970 1 1
0.936 43.981 0.936 1.196 43.981 43.873 1 1
0.936 43.983 0.936 0.871 43.983 44.168 1 1
0.937 43.984 0.937 1.071 43.984 44.059 1 1
0.938 43.989 0.938 0.836 43.989 43.950 1 1
0.941 43.997 0.941 0.904 43.997 43.883 1 1
0.942 43.998 1.083 0.942 43.998 44.571 0 0
0.943 44.001 0.943 0.915 44.001 46.257 0 1
0.944 44.004 0.944 0.822 44.004 44.169 1 1
0.944 44.005 0.931 0.944 44.005 43.766 1 0
0.947 44.012 0.947 0.946 44.012 43.797 1 1
0.948 44.015 0.948 0.864 44.015 44.094 1 1
0.948 44.016 0.948 0.994 44.016 44.104 1 1
0.948 44.017 0.948 0.901 44.017 44.194 1 1
0.952 44.028 0.952 0.933 44.028 43.979 1 1
0.956 44.038 0.956 0.822 44.038 43.849 1 1
0.957 44.041 0.957 0.928 44.041 43.815 1 1
0.958 44.043 0.958 0.889 44.043 44.129 1 1
0.958 44.044 0.958 1.060 44.044 44.031 1 1
0.959 44.046 0.959 0.964 44.046 43.986 1 1
0.959 44.048 0.959 1.047 44.048 43.742 1 1
0.960 44.050 1.100 0.960 44.050 44.158 1 0
0.960 44.051 0.960 0.902 44.051 43.994 1 1
0.961 44.051 0.961 0.857 44.051 43.764 1 1
0.962 44.054 0.962 1.036 44.054 43.927 1 1
0.965 44.062 0.965 1.025 44.062 44.168 1 1
0.965 44.064 0.965 1.111 44.064 43.776 1 1
0.966 44.066 0.966 1.010 44.066 46.445 0 1
0.968 44.070 0.968 1.110 44.070 44.252 1 1
0.968 44.071 0.968 0.939 44.071 44.042 1 1
0.968 44.072 0.968 0.944 44.072 44.093 1 1
0.969 44.073 0.969 0.957 44.073 44.175 1 1
0.970 44.077 0.970 0.919 44.077 43.963 1 1
0.972 44.082 0.972 0.905 44.082 43.964 1 1
0.972 44.084 0.972 1.085 44.084 43.991 1 1
0.973 44.085 0.973 0.951 44.085 43.699 1 1
0.973 44.085 0.973 0.921 44.085 44.162 1 1
0.974 44.087 0.974 0.963 44.087 44.099 1 1
0.974 44.088 0.843 0.974 44.088 47.859 0 0
0.975 44.091 0.975 1.139 44.091 43.982 1 1
0.976 44.094 0.976 0.967 44.094 45.590 0 1
0.976 44.095 0.976 1.012 44.095 44.231 1 1
0.977 44.095 0.977 1.025 44.095 44.100 1 1
0.977 44.095 1.059 0.977 44.095 44.411 1 0
0.979 44.102 0.979 0.995 44.102 44.475 1 1
0.981 44.106 0.981 1.098 44.106 43.943 1 1
0.981 44.108 0.981 1.016 44.108 46.559 0 1
0.981 44.108 0.981 0.921 44.108 43.920 1 1
0.982 44.110 0.982 1.136 44.110 46.979 0 1
0.983 44.113 0.983 1.108 44.113 44.070 1 1
0.984 44.117 0.984 0.941 44.117 44.091 1 1
0.986 44.122 0.986 1.064 44.122 44.087 1 1
0.987 44.125 0.987 0.885 44.125 44.064 1 1
0.988 44.125 0.988 0.956 44.125 44.214 1 1
0.988 44.126 0.988 1.015 44.126 44.035 1 1
0.991 44.135 0.991 0.967 44.135 44.179 1 1
0.991 44.135 0.991 1.061 44.135 43.983 1 1
0.992 44.136 0.992 0.966 44.136 44.177 1 1
0.992 44.137 0.992 1.117 44.137 44.029 1 1
0.992 44.137 0.992 1.039 44.137 44.069 1 1
0.992 44.138 0.992 0.841 44.138 44.278 1 1
0.997 44.150 0.997 1.040 44.150 44.179 1 1
0.999 44.155 0.999 1.000 44.155 44.353 1 1
1.000 44.159 1.000 1.004 44.159 44.510 1 1
